 # start                                                                         
 3400.00     0.000E+00
 3401.50     4.887E-17
 3403.00     4.699E-17
 3404.50     6.461E-17
 3406.00     5.981E-17
 3407.50     5.820E-17
 3409.00     5.017E-17
 3410.50     5.466E-17
 3412.00     4.883E-17
 3413.50     5.515E-17
 3415.00     5.830E-17
 3416.50     6.880E-17
 3418.00     6.759E-17
 3419.50     5.643E-17
 3421.00     5.727E-17
 3422.50     5.897E-17
 3424.00     6.821E-17
 3425.50     5.382E-17
 3427.00     5.821E-17
 3428.50     7.985E-17
 3430.00     6.636E-17
 3431.50     5.792E-17
 3433.00     4.906E-17
 3434.50     5.838E-17
 3436.00     6.866E-17
 3437.50     7.247E-17
 3439.00     6.036E-17
 3440.50     6.923E-17
 3442.00     7.258E-17
 3443.50     6.441E-17
 3445.00     6.330E-17
 3446.50     7.010E-17
 3448.00     7.514E-17
 3449.50     6.303E-17
 3451.00     6.068E-17
 3452.50     5.923E-17
 3454.00     7.859E-17
 3455.50     7.620E-17
 3457.00     7.119E-17
 3458.50     7.037E-17
 3460.00     6.579E-17
 3461.50     5.572E-17
 3463.00     4.322E-17
 3464.50     5.269E-17
 3466.00     6.100E-17
 3467.50     5.792E-17
 3469.00     6.111E-17
 3470.50     8.115E-17
 3472.00     7.117E-17
 3473.50     7.824E-17
 3475.00     7.295E-17
 3476.50     5.666E-17
 3478.00     7.115E-17
 3479.50     7.845E-17
 3481.00     7.040E-17
 3482.50     7.440E-17
 3484.00     6.523E-17
 3485.50     7.948E-17
 3487.00     7.652E-17
 3488.50     7.768E-17
 3490.00     6.768E-17
 3491.50     6.905E-17
 3493.00     7.659E-17
 3494.50     7.559E-17
 3496.00     7.770E-17
 3497.50     7.109E-17
 3499.00     6.439E-17
 3500.50     6.969E-17
 3502.00     8.345E-17
 3503.50     8.044E-17
 3505.00     8.264E-17
 3506.50     7.668E-17
 3508.00     6.952E-17
 3509.50     7.310E-17
 3511.00     7.069E-17
 3512.50     7.565E-17
 3514.00     6.871E-17
 3515.50     8.364E-17
 3517.00     8.938E-17
 3518.50     7.616E-17
 3520.00     8.394E-17
 3521.50     8.932E-17
 3523.00     8.965E-17
 3524.50     6.809E-17
 3526.00     8.895E-17
 3527.50     8.184E-17
 3529.00     9.004E-17
 3530.50     7.898E-17
 3532.00     7.532E-17
 3533.50     7.997E-17
 3535.00     8.097E-17
 3536.50     8.267E-17
 3538.00     8.423E-17
 3539.50     9.517E-17
 3541.00     8.594E-17
 3542.50     8.695E-17
 3544.00     8.128E-17
 3545.50     8.486E-17
 3547.00     9.250E-17
 3548.50     7.984E-17
 3550.00     1.030E-16
 3551.50     8.578E-17
 3553.00     8.430E-17
 3554.50     7.293E-17
 3556.00     9.102E-17
 3557.50     9.303E-17
 3559.00     7.694E-17
 3560.50     8.184E-17
 3562.00     9.217E-17
 3563.50     8.186E-17
 3565.00     8.839E-17
 3566.50     8.951E-17
 3568.00     1.008E-16
 3569.50     9.222E-17
 3571.00     8.527E-17
 3572.50     9.999E-17
 3574.00     9.681E-17
 3575.50     9.351E-17
 3577.00     1.034E-16
 3578.50     8.976E-17
 3580.00     8.944E-17
 3581.50     8.629E-17
 3583.00     8.010E-17
 3584.50     8.788E-17
 3586.00     8.867E-17
 3587.50     8.419E-17
 3589.00     8.026E-17
 3590.50     8.998E-17
 3592.00     8.670E-17
 3593.50     8.612E-17
 3595.00     7.756E-17
 3596.50     8.863E-17
 3598.00     8.951E-17
 3599.50     8.863E-17
 3601.00     9.042E-17
 3602.50     8.306E-17
 3604.00     9.164E-17
 3605.50     8.673E-17
 3607.00     1.041E-16
 3608.50     9.811E-17
 3610.00     8.634E-17
 3611.50     1.065E-16
 3613.00     1.013E-16
 3614.50     9.699E-17
 3616.00     9.403E-17
 3617.50     8.832E-17
 3619.00     9.317E-17
 3620.50     1.034E-16
 3622.00     9.096E-17
 3623.50     1.015E-16
 3625.00     9.993E-17
 3626.50     1.018E-16
 3628.00     9.752E-17
 3629.50     1.045E-16
 3631.00     9.740E-17
 3632.50     1.126E-16
 3634.00     9.587E-17
 3635.50     1.010E-16
 3637.00     9.893E-17
 3638.50     1.059E-16
 3640.00     1.084E-16
 3641.50     1.084E-16
 3643.00     1.100E-16
 3644.50     9.719E-17
 3646.00     1.031E-16
 3647.50     8.946E-17
 3649.00     1.053E-16
 3650.50     1.106E-16
 3652.00     1.005E-16
 3653.50     9.977E-17
 3655.00     1.107E-16
 3656.50     1.063E-16
 3658.00     1.074E-16
 3659.50     1.092E-16
 3661.00     1.038E-16
 3662.50     1.128E-16
 3664.00     1.140E-16
 3665.50     1.062E-16
 3667.00     1.024E-16
 3668.50     1.081E-16
 3670.00     1.123E-16
 3671.50     1.106E-16
 3673.00     1.216E-16
 3674.50     1.163E-16
 3676.00     1.085E-16
 3677.50     1.149E-16
 3679.00     1.052E-16
 3680.50     1.095E-16
 3682.00     1.125E-16
 3683.50     1.011E-16
 3685.00     1.022E-16
 3686.50     1.081E-16
 3688.00     1.171E-16
 3689.50     1.099E-16
 3691.00     1.098E-16
 3692.50     1.142E-16
 3694.00     1.189E-16
 3695.50     1.139E-16
 3697.00     1.100E-16
 3698.50     1.101E-16
 3700.00     1.044E-16
 3701.50     1.124E-16
 3703.00     1.157E-16
 3704.50     1.195E-16
 3706.00     1.100E-16
 3707.50     1.129E-16
 3709.00     1.158E-16
 3710.50     1.138E-16
 3712.00     1.247E-16
 3713.50     1.145E-16
 3715.00     1.182E-16
 3716.50     1.236E-16
 3718.00     1.206E-16
 3719.50     1.211E-16
 3721.00     1.170E-16
 3722.50     1.204E-16
 3724.00     1.160E-16
 3725.50     1.208E-16
 3727.00     1.237E-16
 3728.50     1.169E-16
 3730.00     1.295E-16
 3731.50     1.219E-16
 3733.00     1.290E-16
 3734.50     1.234E-16
 3736.00     1.266E-16
 3737.50     1.295E-16
 3739.00     1.331E-16
 3740.50     1.339E-16
 3742.00     1.274E-16
 3743.50     1.222E-16
 3745.00     1.220E-16
 3746.50     1.241E-16
 3748.00     1.249E-16
 3749.50     1.225E-16
 3751.00     1.244E-16
 3752.50     1.333E-16
 3754.00     1.250E-16
 3755.50     1.379E-16
 3757.00     1.462E-16
 3758.50     1.374E-16
 3760.00     1.261E-16
 3761.50     1.237E-16
 3763.00     1.274E-16
 3764.50     1.187E-16
 3766.00     1.303E-16
 3767.50     1.378E-16
 3769.00     1.338E-16
 3770.50     1.348E-16
 3772.00     1.295E-16
 3773.50     1.252E-16
 3775.00     1.349E-16
 3776.50     1.312E-16
 3778.00     1.254E-16
 3779.50     1.353E-16
 3781.00     1.373E-16
 3782.50     1.387E-16
 3784.00     1.359E-16
 3785.50     1.417E-16
 3787.00     1.362E-16
 3788.50     1.404E-16
 3790.00     1.449E-16
 3791.50     1.409E-16
 3793.00     1.444E-16
 3794.50     1.474E-16
 3796.00     1.436E-16
 3797.50     1.441E-16
 3799.00     1.435E-16
 3800.50     1.521E-16
 3802.00     1.462E-16
 3803.50     1.403E-16
 3805.00     1.476E-16
 3806.50     1.402E-16
 3808.00     1.378E-16
 3809.50     1.427E-16
 3811.00     1.409E-16
 3812.50     1.412E-16
 3814.00     1.336E-16
 3815.50     1.406E-16
 3817.00     1.472E-16
 3818.50     1.476E-16
 3820.00     1.460E-16
 3821.50     1.396E-16
 3823.00     1.448E-16
 3824.50     1.448E-16
 3826.00     1.520E-16
 3827.50     1.494E-16
 3829.00     1.364E-16
 3830.50     1.371E-16
 3832.00     1.425E-16
 3833.50     1.453E-16
 3835.00     1.466E-16
 3836.50     1.454E-16
 3838.00     1.338E-16
 3839.50     1.429E-16
 3841.00     1.376E-16
 3842.50     1.457E-16
 3844.00     1.459E-16
 3845.50     1.472E-16
 3847.00     1.450E-16
 3848.50     1.434E-16
 3850.00     1.445E-16
 3851.50     1.369E-16
 3853.00     1.424E-16
 3854.50     1.435E-16
 3856.00     1.445E-16
 3857.50     1.465E-16
 3859.00     1.488E-16
 3860.50     1.465E-16
 3862.00     1.400E-16
 3863.50     1.444E-16
 3865.00     1.392E-16
 3866.50     1.448E-16
 3868.00     1.463E-16
 3869.50     1.445E-16
 3871.00     1.482E-16
 3872.50     1.446E-16
 3874.00     1.465E-16
 3875.50     1.471E-16
 3877.00     1.490E-16
 3878.50     1.507E-16
 3880.00     1.525E-16
 3881.50     1.535E-16
 3883.00     1.499E-16
 3884.50     1.543E-16
 3886.00     1.472E-16
 3887.50     1.527E-16
 3889.00     1.554E-16
 3890.50     1.459E-16
 3892.00     1.486E-16
 3893.50     1.543E-16
 3895.00     1.447E-16
 3896.50     1.436E-16
 3898.00     1.512E-16
 3899.50     1.469E-16
 3901.00     1.451E-16
 3902.50     1.498E-16
 3904.00     1.427E-16
 3905.50     1.448E-16
 3907.00     1.483E-16
 3908.50     1.513E-16
 3910.00     1.500E-16
 3911.50     1.535E-16
 3913.00     1.490E-16
 3914.50     1.522E-16
 3916.00     1.496E-16
 3917.50     1.506E-16
 3919.00     1.546E-16
 3920.50     1.506E-16
 3922.00     1.478E-16
 3923.50     1.447E-16
 3925.00     1.465E-16
 3926.50     1.448E-16
 3928.00     1.538E-16
 3929.50     1.582E-16
 3931.00     1.564E-16
 3932.50     1.506E-16
 3934.00     1.511E-16
 3935.50     1.503E-16
 3937.00     1.478E-16
 3938.50     1.488E-16
 3940.00     1.458E-16
 3941.50     1.451E-16
 3943.00     1.434E-16
 3944.50     1.595E-16
 3946.00     1.577E-16
 3947.50     1.621E-16
 3949.00     1.602E-16
 3950.50     1.645E-16
 3952.00     1.613E-16
 3953.50     1.548E-16
 3955.00     1.594E-16
 3956.50     1.558E-16
 3958.00     1.537E-16
 3959.50     1.640E-16
 3961.00     1.552E-16
 3962.50     1.595E-16
 3964.00     1.581E-16
 3965.50     1.543E-16
 3967.00     1.571E-16
 3968.50     1.584E-16
 3970.00     1.615E-16
 3971.50     1.627E-16
 3973.00     1.561E-16
 3974.50     1.524E-16
 3976.00     1.540E-16
 3977.50     1.625E-16
 3979.00     1.649E-16
 3980.50     1.614E-16
 3982.00     1.623E-16
 3983.50     1.622E-16
 3985.00     1.615E-16
 3986.50     1.575E-16
 3988.00     1.581E-16
 3989.50     1.586E-16
 3991.00     1.579E-16
 3992.50     1.520E-16
 3994.00     1.554E-16
 3995.50     1.607E-16
 3997.00     1.633E-16
 3998.50     1.645E-16
 4000.00     1.588E-16
 4001.50     1.634E-16
 4003.00     1.598E-16
 4004.50     1.656E-16
 4006.00     1.657E-16
 4007.50     1.548E-16
 4009.00     1.553E-16
 4010.50     1.606E-16
 4012.00     1.631E-16
 4013.50     1.644E-16
 4015.00     1.589E-16
 4016.50     1.590E-16
 4018.00     1.643E-16
 4019.50     1.622E-16
 4021.00     1.628E-16
 4022.50     1.568E-16
 4024.00     1.595E-16
 4025.50     1.628E-16
 4027.00     1.654E-16
 4028.50     1.595E-16
 4030.00     1.643E-16
 4031.50     1.682E-16
 4033.00     1.638E-16
 4034.50     1.611E-16
 4036.00     1.553E-16
 4037.50     1.610E-16
 4039.00     1.636E-16
 4040.50     1.564E-16
 4042.00     1.579E-16
 4043.50     1.573E-16
 4045.00     1.589E-16
 4046.50     1.639E-16
 4048.00     1.644E-16
 4049.50     1.654E-16
 4051.00     1.609E-16
 4052.50     1.685E-16
 4054.00     1.664E-16
 4055.50     1.658E-16
 4057.00     1.668E-16
 4058.50     1.726E-16
 4060.00     1.656E-16
 4061.50     1.703E-16
 4063.00     1.679E-16
 4064.50     1.732E-16
 4066.00     1.637E-16
 4067.50     1.682E-16
 4069.00     1.739E-16
 4070.50     1.699E-16
 4072.00     1.723E-16
 4073.50     1.748E-16
 4075.00     1.715E-16
 4076.50     1.699E-16
 4078.00     1.737E-16
 4079.50     1.673E-16
 4081.00     1.681E-16
 4082.50     1.690E-16
 4084.00     1.710E-16
 4085.50     1.740E-16
 4087.00     1.672E-16
 4088.50     1.651E-16
 4090.00     1.713E-16
 4091.50     1.735E-16
 4093.00     1.657E-16
 4094.50     1.704E-16
 4096.00     1.637E-16
 4097.50     1.656E-16
 4099.00     1.654E-16
 4100.50     1.718E-16
 4102.00     1.709E-16
 4103.50     1.694E-16
 4105.00     1.728E-16
 4106.50     1.696E-16
 4108.00     1.665E-16
 4109.50     1.673E-16
 4111.00     1.678E-16
 4112.50     1.712E-16
 4114.00     1.602E-16
 4115.50     1.633E-16
 4117.00     1.628E-16
 4118.50     1.648E-16
 4120.00     1.619E-16
 4121.50     1.720E-16
 4123.00     1.633E-16
 4124.50     1.626E-16
 4126.00     1.639E-16
 4127.50     1.625E-16
 4129.00     1.638E-16
 4130.50     1.647E-16
 4132.00     1.660E-16
 4133.50     1.716E-16
 4135.00     1.641E-16
 4136.50     1.643E-16
 4138.00     1.661E-16
 4139.50     1.640E-16
 4141.00     1.636E-16
 4142.50     1.656E-16
 4144.00     1.703E-16
 4145.50     1.645E-16
 4147.00     1.643E-16
 4148.50     1.624E-16
 4150.00     1.657E-16
 4151.50     1.688E-16
 4153.00     1.657E-16
 4154.50     1.682E-16
 4156.00     1.694E-16
 4157.50     1.694E-16
 4159.00     1.612E-16
 4160.50     1.626E-16
 4162.00     1.622E-16
 4163.50     1.606E-16
 4165.00     1.631E-16
 4166.50     1.646E-16
 4168.00     1.668E-16
 4169.50     1.665E-16
 4171.00     1.706E-16
 4172.50     1.670E-16
 4174.00     1.716E-16
 4175.50     1.721E-16
 4177.00     1.690E-16
 4178.50     1.662E-16
 4180.00     1.633E-16
 4181.50     1.651E-16
 4183.00     1.686E-16
 4184.50     1.706E-16
 4186.00     1.657E-16
 4187.50     1.671E-16
 4189.00     1.635E-16
 4190.50     1.653E-16
 4192.00     1.661E-16
 4193.50     1.641E-16
 4195.00     1.603E-16
 4196.50     1.638E-16
 4198.00     1.644E-16
 4199.50     1.646E-16
 4201.00     1.656E-16
 4202.50     1.669E-16
 4204.00     1.639E-16
 4205.50     1.610E-16
 4207.00     1.695E-16
 4208.50     1.620E-16
 4210.00     1.633E-16
 4211.50     1.625E-16
 4213.00     1.651E-16
 4214.50     1.629E-16
 4216.00     1.628E-16
 4217.50     1.645E-16
 4219.00     1.587E-16
 4220.50     1.620E-16
 4222.00     1.675E-16
 4223.50     1.633E-16
 4225.00     1.631E-16
 4226.50     1.651E-16
 4228.00     1.632E-16
 4229.50     1.600E-16
 4231.00     1.595E-16
 4232.50     1.628E-16
 4234.00     1.631E-16
 4235.50     1.659E-16
 4237.00     1.629E-16
 4238.50     1.673E-16
 4240.00     1.610E-16
 4241.50     1.643E-16
 4243.00     1.618E-16
 4244.50     1.676E-16
 4246.00     1.647E-16
 4247.50     1.684E-16
 4249.00     1.652E-16
 4250.50     1.647E-16
 4252.00     1.590E-16
 4253.50     1.602E-16
 4255.00     1.639E-16
 4256.50     1.652E-16
 4258.00     1.668E-16
 4259.50     1.626E-16
 4261.00     1.699E-16
 4262.50     1.731E-16
 4264.00     1.620E-16
 4265.50     1.661E-16
 4267.00     1.673E-16
 4268.50     1.675E-16
 4270.00     1.586E-16
 4271.50     1.634E-16
 4273.00     1.639E-16
 4274.50     1.691E-16
 4276.00     1.687E-16
 4277.50     1.619E-16
 4279.00     1.621E-16
 4280.50     1.678E-16
 4282.00     1.689E-16
 4283.50     1.669E-16
 4285.00     1.639E-16
 4286.50     1.690E-16
 4288.00     1.674E-16
 4289.50     1.647E-16
 4291.00     1.622E-16
 4292.50     1.639E-16
 4294.00     1.627E-16
 4295.50     1.596E-16
 4297.00     1.584E-16
 4298.50     1.631E-16
 4300.00     1.596E-16
 4301.50     1.574E-16
 4303.00     1.584E-16
 4304.50     1.644E-16
 4306.00     1.582E-16
 4307.50     1.584E-16
 4309.00     1.504E-16
 4310.50     1.546E-16
 4312.00     1.566E-16
 4313.50     1.576E-16
 4315.00     1.520E-16
 4316.50     1.546E-16
 4318.00     1.511E-16
 4319.50     1.488E-16
 4321.00     1.533E-16
 4322.50     1.513E-16
 4324.00     1.553E-16
 4325.50     1.522E-16
 4327.00     1.507E-16
 4328.50     1.512E-16
 4330.00     1.509E-16
 4331.50     1.529E-16
 4333.00     1.559E-16
 4334.50     1.565E-16
 4336.00     1.553E-16
 4337.50     1.543E-16
 4339.00     1.559E-16
 4340.50     1.528E-16
 4342.00     1.537E-16
 4343.50     1.561E-16
 4345.00     1.558E-16
 4346.50     1.481E-16
 4348.00     1.572E-16
 4349.50     1.572E-16
 4351.00     1.553E-16
 4352.50     1.547E-16
 4354.00     1.512E-16
 4355.50     1.499E-16
 4357.00     1.499E-16
 4358.50     1.544E-16
 4360.00     1.529E-16
 4361.50     1.559E-16
 4363.00     1.520E-16
 4364.50     1.550E-16
 4366.00     1.557E-16
 4367.50     1.506E-16
 4369.00     1.558E-16
 4370.50     1.541E-16
 4372.00     1.548E-16
 4373.50     1.560E-16
 4375.00     1.559E-16
 4376.50     1.537E-16
 4378.00     1.548E-16
 4379.50     1.597E-16
 4381.00     1.537E-16
 4382.50     1.546E-16
 4384.00     1.558E-16
 4385.50     1.557E-16
 4387.00     1.546E-16
 4388.50     1.562E-16
 4390.00     1.571E-16
 4391.50     1.529E-16
 4393.00     1.581E-16
 4394.50     1.544E-16
 4396.00     1.563E-16
 4397.50     1.600E-16
 4399.00     1.593E-16
 4400.50     1.615E-16
 4402.00     1.585E-16
 4403.50     1.607E-16
 4405.00     1.573E-16
 4406.50     1.578E-16
 4408.00     1.591E-16
 4409.50     1.603E-16
 4411.00     1.623E-16
 4412.50     1.573E-16
 4414.00     1.583E-16
 4415.50     1.665E-16
 4417.00     1.620E-16
 4418.50     1.582E-16
 4420.00     1.625E-16
 4421.50     1.559E-16
 4423.00     1.644E-16
 4424.50     1.612E-16
 4426.00     1.653E-16
 4427.50     1.638E-16
 4429.00     1.683E-16
 4430.50     1.636E-16
 4432.00     1.653E-16
 4433.50     1.654E-16
 4435.00     1.619E-16
 4436.50     1.654E-16
 4438.00     1.698E-16
 4439.50     1.644E-16
 4441.00     1.674E-16
 4442.50     1.691E-16
 4444.00     1.707E-16
 4445.50     1.735E-16
 4447.00     1.683E-16
 4448.50     1.673E-16
 4450.00     1.724E-16
 4451.50     1.708E-16
 4453.00     1.660E-16
 4454.50     1.728E-16
 4456.00     1.763E-16
 4457.50     1.760E-16
 4459.00     1.764E-16
 4460.50     1.757E-16
 4462.00     1.735E-16
 4463.50     1.761E-16
 4465.00     1.737E-16
 4466.50     1.770E-16
 4468.00     1.713E-16
 4469.50     1.735E-16
 4471.00     1.752E-16
 4472.50     1.795E-16
 4474.00     1.759E-16
 4475.50     1.802E-16
 4477.00     1.796E-16
 4478.50     1.764E-16
 4480.00     1.787E-16
 4481.50     1.793E-16
 4483.00     1.844E-16
 4484.50     1.820E-16
 4486.00     1.790E-16
 4487.50     1.827E-16
 4489.00     1.789E-16
 4490.50     1.808E-16
 4492.00     1.779E-16
 4493.50     1.826E-16
 4495.00     1.846E-16
 4496.50     1.775E-16
 4498.00     1.791E-16
 4499.50     1.804E-16
 4501.00     1.840E-16
 4502.50     1.872E-16
 4504.00     1.856E-16
 4505.50     1.854E-16
 4507.00     1.914E-16
 4508.50     1.924E-16
 4510.00     1.893E-16
 4511.50     1.976E-16
 4513.00     2.035E-16
 4514.50     2.033E-16
 4516.00     2.010E-16
 4517.50     2.006E-16
 4519.00     2.075E-16
 4520.50     2.119E-16
 4522.00     2.115E-16
 4523.50     2.215E-16
 4525.00     2.199E-16
 4526.50     2.183E-16
 4528.00     2.227E-16
 4529.50     2.337E-16
 4531.00     2.361E-16
 4532.50     2.423E-16
 4534.00     2.428E-16
 4535.50     2.463E-16
 4537.00     2.518E-16
 4538.50     2.565E-16
 4540.00     2.622E-16
 4541.50     2.625E-16
 4543.00     2.701E-16
 4544.50     2.735E-16
 4546.00     2.799E-16
 4547.50     2.852E-16
 4549.00     2.858E-16
 4550.50     2.872E-16
 4552.00     2.874E-16
 4553.50     2.903E-16
 4555.00     2.880E-16
 4556.50     2.898E-16
 4558.00     2.893E-16
 4559.50     2.864E-16
 4561.00     2.847E-16
 4562.50     2.806E-16
 4564.00     2.815E-16
 4565.50     2.789E-16
 4567.00     2.728E-16
 4568.50     2.744E-16
 4570.00     2.688E-16
 4571.50     2.605E-16
 4573.00     2.631E-16
 4574.50     2.618E-16
 4576.00     2.552E-16
 4577.50     2.523E-16
 4579.00     2.525E-16
 4580.50     2.415E-16
 4582.00     2.430E-16
 4583.50     2.390E-16
 4585.00     2.355E-16
 4586.50     2.332E-16
 4588.00     2.328E-16
 4589.50     2.275E-16
 4591.00     2.197E-16
 4592.50     2.214E-16
 4594.00     2.227E-16
 4595.50     2.228E-16
 4597.00     2.145E-16
 4598.50     2.161E-16
 4600.00     2.124E-16
 4601.50     2.091E-16
 4603.00     2.033E-16
 4604.50     2.006E-16
 4606.00     1.991E-16
 4607.50     1.991E-16
 4609.00     1.990E-16
 4610.50     1.986E-16
 4612.00     1.957E-16
 4613.50     1.960E-16
 4615.00     1.914E-16
 4616.50     1.885E-16
 4618.00     1.873E-16
 4619.50     1.901E-16
 4621.00     1.836E-16
 4622.50     1.857E-16
 4624.00     1.821E-16
 4625.50     1.804E-16
 4627.00     1.789E-16
 4628.50     1.773E-16
 4630.00     1.765E-16
 4631.50     1.772E-16
 4633.00     1.726E-16
 4634.50     1.733E-16
 4636.00     1.774E-16
 4637.50     1.744E-16
 4639.00     1.752E-16
 4640.50     1.745E-16
 4642.00     1.725E-16
 4643.50     1.714E-16
 4645.00     1.716E-16
 4646.50     1.702E-16
 4648.00     1.703E-16
 4649.50     1.672E-16
 4651.00     1.689E-16
 4652.50     1.620E-16
 4654.00     1.700E-16
 4655.50     1.701E-16
 4657.00     1.658E-16
 4658.50     1.639E-16
 4660.00     1.650E-16
 4661.50     1.672E-16
 4663.00     1.594E-16
 4664.50     1.615E-16
 4666.00     1.634E-16
 4667.50     1.595E-16
 4669.00     1.608E-16
 4670.50     1.621E-16
 4672.00     1.641E-16
 4673.50     1.598E-16
 4675.00     1.603E-16
 4676.50     1.597E-16
 4678.00     1.607E-16
 4679.50     1.563E-16
 4681.00     1.578E-16
 4682.50     1.618E-16
 4684.00     1.602E-16
 4685.50     1.581E-16
 4687.00     1.579E-16
 4688.50     1.573E-16
 4690.00     1.572E-16
 4691.50     1.564E-16
 4693.00     1.581E-16
 4694.50     1.570E-16
 4696.00     1.596E-16
 4697.50     1.572E-16
 4699.00     1.545E-16
 4700.50     1.537E-16
 4702.00     1.534E-16
 4703.50     1.547E-16
 4705.00     1.556E-16
 4706.50     1.472E-16
 4708.00     1.540E-16
 4709.50     1.531E-16
 4711.00     1.537E-16
 4712.50     1.539E-16
 4714.00     1.499E-16
 4715.50     1.508E-16
 4717.00     1.540E-16
 4718.50     1.513E-16
 4720.00     1.491E-16
 4721.50     1.496E-16
 4723.00     1.512E-16
 4724.50     1.493E-16
 4726.00     1.493E-16
 4727.50     1.510E-16
 4729.00     1.506E-16
 4730.50     1.476E-16
 4732.00     1.475E-16
 4733.50     1.451E-16
 4735.00     1.508E-16
 4736.50     1.478E-16
 4738.00     1.471E-16
 4739.50     1.534E-16
 4741.00     1.504E-16
 4742.50     1.485E-16
 4744.00     1.527E-16
 4745.50     1.539E-16
 4747.00     1.510E-16
 4748.50     1.503E-16
 4750.00     1.487E-16
 4751.50     1.537E-16
 4753.00     1.471E-16
 4754.50     1.484E-16
 4756.00     1.511E-16
 4757.50     1.503E-16
 4759.00     1.502E-16
 4760.50     1.484E-16
 4762.00     1.538E-16
 4763.50     1.540E-16
 4765.00     1.512E-16
 4766.50     1.534E-16
 4768.00     1.560E-16
 4769.50     1.529E-16
 4771.00     1.540E-16
 4772.50     1.522E-16
 4774.00     1.513E-16
 4775.50     1.523E-16
 4777.00     1.569E-16
 4778.50     1.569E-16
 4780.00     1.528E-16
 4781.50     1.522E-16
 4783.00     1.539E-16
 4784.50     1.539E-16
 4786.00     1.556E-16
 4787.50     1.547E-16
 4789.00     1.527E-16
 4790.50     1.521E-16
 4792.00     1.576E-16
 4793.50     1.610E-16
 4795.00     1.539E-16
 4796.50     1.516E-16
 4798.00     1.541E-16
 4799.50     1.559E-16
 4801.00     1.565E-16
 4802.50     1.543E-16
 4804.00     1.551E-16
 4805.50     1.579E-16
 4807.00     1.586E-16
 4808.50     1.573E-16
 4810.00     1.590E-16
 4811.50     1.569E-16
 4813.00     1.593E-16
 4814.50     1.547E-16
 4816.00     1.533E-16
 4817.50     1.565E-16
 4819.00     1.578E-16
 4820.50     1.537E-16
 4822.00     1.563E-16
 4823.50     1.569E-16
 4825.00     1.540E-16
 4826.50     1.545E-16
 4828.00     1.524E-16
 4829.50     1.546E-16
 4831.00     1.552E-16
 4832.50     1.544E-16
 4834.00     1.548E-16
 4835.50     1.558E-16
 4837.00     1.545E-16
 4838.50     1.490E-16
 4840.00     1.485E-16
 4841.50     1.502E-16
 4843.00     1.500E-16
 4844.50     1.540E-16
 4846.00     1.550E-16
 4847.50     1.485E-16
 4849.00     1.459E-16
 4850.50     1.476E-16
 4852.00     1.508E-16
 4853.50     1.514E-16
 4855.00     1.512E-16
 4856.50     1.437E-16
 4858.00     1.499E-16
 4859.50     1.479E-16
 4861.00     1.500E-16
 4862.50     1.479E-16
 4864.00     1.482E-16
 4865.50     1.473E-16
 4867.00     1.458E-16
 4868.50     1.413E-16
 4870.00     1.500E-16
 4871.50     1.507E-16
 4873.00     1.496E-16
 4874.50     1.449E-16
 4876.00     1.398E-16
 4877.50     1.428E-16
 4879.00     1.438E-16
 4880.50     1.381E-16
 4882.00     1.415E-16
 4883.50     1.411E-16
 4885.00     1.369E-16
 4886.50     1.407E-16
 4888.00     1.410E-16
 4889.50     1.376E-16
 4891.00     1.410E-16
 4892.50     1.395E-16
 4894.00     1.410E-16
 4895.50     1.349E-16
 4897.00     1.338E-16
 4898.50     1.371E-16
 4900.00     1.416E-16
 4901.50     1.401E-16
 4903.00     1.421E-16
 4904.50     1.412E-16
 4906.00     1.398E-16
 4907.50     1.353E-16
 4909.00     1.337E-16
 4910.50     1.398E-16
 4912.00     1.400E-16
 4913.50     1.424E-16
 4915.00     1.401E-16
 4916.50     1.357E-16
 4918.00     1.392E-16
 4919.50     1.366E-16
 4921.00     1.409E-16
 4922.50     1.381E-16
 4924.00     1.403E-16
 4925.50     1.400E-16
 4927.00     1.384E-16
 4928.50     1.362E-16
 4930.00     1.337E-16
 4931.50     1.365E-16
 4933.00     1.348E-16
 4934.50     1.394E-16
 4936.00     1.372E-16
 4937.50     1.369E-16
 4939.00     1.315E-16
 4940.50     1.379E-16
 4942.00     1.329E-16
 4943.50     1.351E-16
 4945.00     1.369E-16
 4946.50     1.385E-16
 4948.00     1.390E-16
 4949.50     1.399E-16
 4951.00     1.375E-16
 4952.50     1.397E-16
 4954.00     1.372E-16
 4955.50     1.357E-16
 4957.00     1.371E-16
 4958.50     1.387E-16
 4960.00     1.383E-16
 4961.50     1.376E-16
 4963.00     1.352E-16
 4964.50     1.340E-16
 4966.00     1.397E-16
 4967.50     1.378E-16
 4969.00     1.382E-16
 4970.50     1.370E-16
 4972.00     1.360E-16
 4973.50     1.403E-16
 4975.00     1.433E-16
 4976.50     1.402E-16
 4978.00     1.383E-16
 4979.50     1.346E-16
 4981.00     1.309E-16
 4982.50     1.314E-16
 4984.00     1.382E-16
 4985.50     1.410E-16
 4987.00     1.373E-16
 4988.50     1.364E-16
 4990.00     1.408E-16
 4991.50     1.378E-16
 4993.00     1.361E-16
 4994.50     1.370E-16
 4996.00     1.374E-16
 4997.50     1.410E-16
 4999.00     1.379E-16
 5000.50     1.409E-16
 5002.00     1.402E-16
 5003.50     1.395E-16
 5005.00     1.400E-16
 5006.50     1.346E-16
 5008.00     1.507E-16
 5009.50     1.451E-16
 5011.00     1.402E-16
 5012.50     1.412E-16
 5014.00     1.361E-16
 5015.50     1.366E-16
 5017.00     1.357E-16
 5018.50     1.385E-16
 5020.00     1.406E-16
 5021.50     1.419E-16
 5023.00     1.404E-16
 5024.50     1.352E-16
 5026.00     1.391E-16
 5027.50     1.346E-16
 5029.00     1.365E-16
 5030.50     1.389E-16
 5032.00     1.350E-16
 5033.50     1.369E-16
 5035.00     1.382E-16
 5036.50     1.404E-16
 5038.00     1.422E-16
 5039.50     1.384E-16
 5041.00     1.377E-16
 5042.50     1.390E-16
 5044.00     1.399E-16
 5045.50     1.391E-16
 5047.00     1.407E-16
 5048.50     1.359E-16
 5050.00     1.379E-16
 5051.50     1.389E-16
 5053.00     1.447E-16
 5054.50     1.376E-16
 5056.00     1.432E-16
 5057.50     1.438E-16
 5059.00     1.437E-16
 5060.50     1.425E-16
 5062.00     1.450E-16
 5063.50     1.421E-16
 5065.00     1.463E-16
 5066.50     1.432E-16
 5068.00     1.428E-16
 5069.50     1.429E-16
 5071.00     1.426E-16
 5072.50     1.461E-16
 5074.00     1.407E-16
 5075.50     1.466E-16
 5077.00     1.453E-16
 5078.50     1.471E-16
 5080.00     1.427E-16
 5081.50     1.477E-16
 5083.00     1.474E-16
 5084.50     1.484E-16
 5086.00     1.469E-16
 5087.50     1.484E-16
 5089.00     1.474E-16
 5090.50     1.462E-16
 5092.00     1.504E-16
 5093.50     1.499E-16
 5095.00     1.547E-16
 5096.50     1.479E-16
 5098.00     1.431E-16
 5099.50     1.462E-16
 5101.00     1.486E-16
 5102.50     1.499E-16
 5104.00     1.507E-16
 5105.50     1.481E-16
 5107.00     1.467E-16
 5108.50     1.466E-16
 5110.00     1.457E-16
 5111.50     1.479E-16
 5113.00     1.503E-16
 5114.50     1.509E-16
 5116.00     1.432E-16
 5117.50     1.442E-16
 5119.00     1.439E-16
 5120.50     1.449E-16
 5122.00     1.462E-16
 5123.50     1.467E-16
 5125.00     1.478E-16
 5126.50     1.460E-16
 5128.00     1.439E-16
 5129.50     1.473E-16
 5131.00     1.444E-16
 5132.50     1.449E-16
 5134.00     1.451E-16
 5135.50     1.429E-16
 5137.00     1.436E-16
 5138.50     1.437E-16
 5140.00     1.464E-16
 5141.50     1.460E-16
 5143.00     1.478E-16
 5144.50     1.456E-16
 5146.00     1.478E-16
 5147.50     1.444E-16
 5149.00     1.470E-16
 5150.50     1.504E-16
 5152.00     1.481E-16
 5153.50     1.433E-16
 5155.00     1.448E-16
 5156.50     1.449E-16
 5158.00     1.459E-16
 5159.50     1.440E-16
 5161.00     1.516E-16
 5162.50     1.441E-16
 5164.00     1.513E-16
 5165.50     1.442E-16
 5167.00     1.416E-16
 5168.50     1.440E-16
 5170.00     1.473E-16
 5171.50     1.470E-16
 5173.00     1.478E-16
 5174.50     1.486E-16
 5176.00     1.463E-16
 5177.50     1.432E-16
 5179.00     1.501E-16
 5180.50     1.472E-16
 5182.00     1.495E-16
 5183.50     1.507E-16
 5185.00     1.532E-16
 5186.50     1.489E-16
 5188.00     1.508E-16
 5189.50     1.466E-16
 5191.00     1.494E-16
 5192.50     1.509E-16
 5194.00     1.483E-16
 5195.50     1.451E-16
 5197.00     1.490E-16
 5198.50     1.458E-16
 5200.00     1.432E-16
 5201.50     1.457E-16
 5203.00     1.476E-16
 5204.50     1.449E-16
 5206.00     1.502E-16
 5207.50     1.526E-16
 5209.00     1.493E-16
 5210.50     1.440E-16
 5212.00     1.446E-16
 5213.50     1.461E-16
 5215.00     1.453E-16
 5216.50     1.473E-16
 5218.00     1.415E-16
 5219.50     1.445E-16
 5221.00     1.438E-16
 5222.50     1.461E-16
 5224.00     1.452E-16
 5225.50     1.489E-16
 5227.00     1.445E-16
 5228.50     1.471E-16
 5230.00     1.456E-16
 5231.50     1.433E-16
 5233.00     1.450E-16
 5234.50     1.448E-16
 5236.00     1.466E-16
 5237.50     1.436E-16
 5239.00     1.378E-16
 5240.50     1.382E-16
 5242.00     1.395E-16
 5243.50     1.452E-16
 5245.00     1.446E-16
 5246.50     1.417E-16
 5248.00     1.477E-16
 5249.50     1.460E-16
 5251.00     1.433E-16
 5252.50     1.450E-16
 5254.00     1.441E-16
 5255.50     1.446E-16
 5257.00     1.428E-16
 5258.50     1.449E-16
 5260.00     1.423E-16
 5261.50     1.437E-16
 5263.00     1.442E-16
 5264.50     1.450E-16
 5266.00     1.411E-16
 5267.50     1.410E-16
 5269.00     1.444E-16
 5270.50     1.414E-16
 5272.00     1.425E-16
 5273.50     1.439E-16
 5275.00     1.399E-16
 5276.50     1.446E-16
 5278.00     1.425E-16
 5279.50     1.439E-16
 5281.00     1.423E-16
 5282.50     1.447E-16
 5284.00     1.424E-16
 5285.50     1.433E-16
 5287.00     1.441E-16
 5288.50     1.441E-16
 5290.00     1.395E-16
 5291.50     1.374E-16
 5293.00     1.403E-16
 5294.50     1.434E-16
 5296.00     1.438E-16
 5297.50     1.451E-16
 5299.00     1.407E-16
 5300.50     1.376E-16
 5302.00     1.437E-16
 5303.50     1.431E-16
 5305.00     1.456E-16
 5306.50     1.485E-16
 5308.00     1.446E-16
 5309.50     1.437E-16
 5311.00     1.427E-16
 5312.50     1.386E-16
 5314.00     1.370E-16
 5315.50     1.373E-16
 5317.00     1.409E-16
 5318.50     1.447E-16
 5320.00     1.432E-16
 5321.50     1.440E-16
 5323.00     1.440E-16
 5324.50     1.408E-16
 5326.00     1.396E-16
 5327.50     1.410E-16
 5329.00     1.383E-16
 5330.50     1.427E-16
 5332.00     1.466E-16
 5333.50     1.383E-16
 5335.00     1.409E-16
 5336.50     1.389E-16
 5338.00     1.360E-16
 5339.50     1.391E-16
 5341.00     1.403E-16
 5342.50     1.409E-16
 5344.00     1.389E-16
 5345.50     1.420E-16
 5347.00     1.414E-16
 5348.50     1.396E-16
 5350.00     1.342E-16
 5351.50     1.401E-16
 5353.00     1.365E-16
 5354.50     1.406E-16
 5356.00     1.367E-16
 5357.50     1.399E-16
 5359.00     1.406E-16
 5360.50     1.385E-16
 5362.00     1.406E-16
 5363.50     1.441E-16
 5365.00     1.402E-16
 5366.50     1.406E-16
 5368.00     1.358E-16
 5369.50     1.387E-16
 5371.00     1.394E-16
 5372.50     1.369E-16
 5374.00     1.389E-16
 5375.50     1.385E-16
 5377.00     1.338E-16
 5378.50     1.362E-16
 5380.00     1.376E-16
 5381.50     1.370E-16
 5383.00     1.359E-16
 5384.50     1.372E-16
 5386.00     1.348E-16
 5387.50     1.351E-16
 5389.00     1.385E-16
 5390.50     1.375E-16
 5392.00     1.379E-16
 5393.50     1.377E-16
 5395.00     1.344E-16
 5396.50     1.397E-16
 5398.00     1.352E-16
 5399.50     1.376E-16
 5401.00     1.333E-16
 5402.50     1.383E-16
 5404.00     1.354E-16
 5405.50     1.400E-16
 5407.00     1.399E-16
 5408.50     1.399E-16
 5410.00     1.361E-16
 5411.50     1.337E-16
 5413.00     1.340E-16
 5414.50     1.317E-16
 5416.00     1.373E-16
 5417.50     1.360E-16
 5419.00     1.359E-16
 5420.50     1.331E-16
 5422.00     1.328E-16
 5423.50     1.390E-16
 5425.00     1.351E-16
 5426.50     1.390E-16
 5428.00     1.332E-16
 5429.50     1.367E-16
 5431.00     1.387E-16
 5432.50     1.413E-16
 5434.00     1.385E-16
 5435.50     1.358E-16
 5437.00     1.351E-16
 5438.50     1.349E-16
 5440.00     1.373E-16
 5441.50     1.381E-16
 5443.00     1.325E-16
 5444.50     1.389E-16
 5446.00     1.356E-16
 5447.50     1.376E-16
 5449.00     1.321E-16
 5450.50     1.329E-16
 5452.00     1.344E-16
 5453.50     1.346E-16
 5455.00     1.383E-16
 5456.50     1.375E-16
 5458.00     1.353E-16
 5459.50     1.340E-16
 5461.00     1.390E-16
 5462.50     1.338E-16
 5464.00     1.335E-16
 5465.50     1.371E-16
 5467.00     1.351E-16
 5468.50     1.354E-16
 5470.00     1.379E-16
 5471.50     1.377E-16
 5473.00     1.344E-16
 5474.50     1.356E-16
 5476.00     1.398E-16
 5477.50     1.349E-16
 5479.00     1.339E-16
 5480.50     1.366E-16
 5482.00     1.394E-16
 5483.50     1.383E-16
 5485.00     1.358E-16
 5486.50     1.345E-16
 5488.00     1.325E-16
 5489.50     1.349E-16
 5491.00     1.359E-16
 5492.50     1.336E-16
 5494.00     1.301E-16
 5495.50     1.366E-16
 5497.00     1.316E-16
 5498.50     1.346E-16
 5500.00     1.390E-16
 5501.50     1.359E-16
 5503.00     1.409E-16
 5504.50     1.369E-16
 5506.00     1.327E-16
 5507.50     1.314E-16
 5509.00     1.375E-16
 5510.50     1.322E-16
 5512.00     1.372E-16
 5513.50     1.374E-16
 5515.00     1.403E-16
 5516.50     1.356E-16
 5518.00     1.336E-16
 5519.50     1.387E-16
 5521.00     1.366E-16
 5522.50     1.341E-16
 5524.00     1.356E-16
 5525.50     1.402E-16
 5527.00     1.354E-16
 5528.50     1.334E-16
 5530.00     1.353E-16
 5531.50     1.383E-16
 5533.00     1.364E-16
 5534.50     1.397E-16
 5536.00     1.414E-16
 5537.50     1.384E-16
 5539.00     1.426E-16
 5540.50     1.452E-16
 5542.00     1.449E-16
 5543.50     1.394E-16
 5545.00     1.398E-16
 5546.50     1.392E-16
 5548.00     1.428E-16
 5549.50     1.433E-16
 5551.00     1.428E-16
 5552.50     1.406E-16
 5554.00     1.484E-16
 5555.50     1.424E-16
 5557.00     1.364E-16
 5558.50     1.407E-16
 5560.00     1.485E-16
 5561.50     1.490E-16
 5563.00     1.488E-16
 5564.50     1.496E-16
 5566.00     1.450E-16
 5567.50     1.552E-16
 5569.00     1.410E-16
 5570.50     1.531E-16
 5572.00     1.551E-16
 5573.50     1.546E-16
 5575.00     1.425E-16
 5576.50     1.391E-16
 5578.00     1.518E-16
 5579.50     1.489E-16
 5581.00     1.446E-16
 5582.50     1.437E-16
 5584.00     1.502E-16
 5585.50     1.523E-16
 5587.00     1.474E-16
 5588.50     1.412E-16
 5590.00     1.474E-16
 5591.50     1.475E-16
 5593.00     1.345E-16
 5594.50     1.503E-16
 5596.00     1.479E-16
 5597.50     1.427E-16
 5599.00     1.412E-16
 5600.50     1.404E-16
 5602.00     1.403E-16
 5603.50     1.402E-16
 5605.00     1.402E-16
 5606.50     1.401E-16
 5608.00     1.400E-16
 5609.50     1.399E-16
 5611.00     1.398E-16
 5612.50     1.398E-16
 5614.00     1.397E-16
 5615.50     1.396E-16
 5617.00     1.395E-16
 5618.50     1.395E-16
 5620.00     1.394E-16
 5621.50     1.392E-16
 5623.00     1.391E-16
 5624.50     1.391E-16
 5626.00     1.390E-16
 5627.50     1.389E-16
 5629.00     1.388E-16
 5630.50     1.388E-16
 5632.00     1.387E-16
 5633.50     1.386E-16
 5635.00     1.385E-16
 5636.50     1.385E-16
 5638.00     1.384E-16
 5639.50     1.383E-16
 5641.00     1.382E-16
 5642.50     1.381E-16
 5644.00     1.381E-16
 5645.50     1.379E-16
 5647.00     1.378E-16
 5648.50     1.377E-16
 5650.00     1.377E-16
 5651.50     1.376E-16
 5653.00     1.375E-16
 5654.50     1.374E-16
 5656.00     1.374E-16
 5657.50     1.373E-16
 5659.00     1.372E-16
 5660.50     1.371E-16
 5662.00     1.371E-16
 5663.50     1.370E-16
 5665.00     1.369E-16
 5666.50     1.367E-16
 5668.00     1.367E-16
 5669.50     1.366E-16
 5671.00     1.365E-16
 5672.50     1.364E-16
 5674.00     1.363E-16
 5675.50     1.363E-16
 5677.00     1.362E-16
 5678.50     1.361E-16
 5680.00     1.360E-16
 5681.50     1.360E-16
 5683.00     1.359E-16
 5684.50     1.358E-16
 5686.00     1.357E-16
 5687.50     1.357E-16
 5689.00     1.356E-16
 5690.50     1.354E-16
 5692.00     1.353E-16
 5693.50     1.353E-16
 5695.00     1.352E-16
 5696.50     1.351E-16
 5698.00     1.350E-16
 5699.50     1.349E-16
 5701.00     1.349E-16
 5702.50     1.348E-16
 5704.00     1.347E-16
 5705.50     1.346E-16
 5707.00     1.346E-16
 5708.50     1.345E-16
 5710.00     1.344E-16
 5711.50     1.342E-16
 5713.00     1.342E-16
 5714.50     1.341E-16
 5716.00     1.340E-16
 5717.50     1.339E-16
 5719.00     1.339E-16
 5720.50     1.338E-16
 5722.00     1.337E-16
 5723.50     1.336E-16
 5725.00     1.336E-16
 5726.50     1.335E-16
 5728.00     1.334E-16
 5729.50     1.333E-16
 5731.00     1.332E-16
 5732.50     1.332E-16
 5734.00     1.331E-16
 5735.50     1.329E-16
 5737.00     1.328E-16
 5738.50     1.328E-16
 5740.00     1.327E-16
 5741.50     1.326E-16
 5743.00     1.325E-16
 5744.50     1.325E-16
 5746.00     1.324E-16
 5747.50     1.323E-16
 5749.00     1.322E-16
 5750.50     1.322E-16
 5752.00     1.321E-16
 5753.50     1.320E-16
 5755.00     1.319E-16
 5756.50     1.319E-16
 5758.00     1.317E-16
 5759.50     1.316E-16
 5761.00     1.315E-16
 5762.50     1.314E-16
 5764.00     1.314E-16
 5765.50     1.313E-16
 5767.00     1.312E-16
 5768.50     1.311E-16
 5770.00     1.311E-16
 5771.50     1.310E-16
 5773.00     1.309E-16
 5774.50     1.308E-16
 5776.00     1.308E-16
 5777.50     1.307E-16
 5779.00     1.306E-16
 5780.50     1.304E-16
 5782.00     1.304E-16
 5783.50     1.303E-16
 5785.00     1.302E-16
 5786.50     1.301E-16
 5788.00     1.301E-16
 5789.50     1.300E-16
 5791.00     1.299E-16
 5792.50     1.298E-16
 5794.00     1.297E-16
 5795.50     1.297E-16
 5797.00     1.296E-16
 5798.50     1.295E-16
 5800.00     1.294E-16
 5801.50     1.294E-16
 5803.00     1.292E-16
 5804.50     1.291E-16
 5806.00     1.290E-16
 5807.50     1.291E-16
 5809.00     1.303E-16
 5810.50     1.288E-16
 5812.00     1.301E-16
 5813.50     1.298E-16
 5815.00     1.308E-16
 5816.50     1.303E-16
 5818.00     1.289E-16
 5819.50     1.304E-16
 5821.00     1.304E-16
 5822.50     1.289E-16
 5824.00     1.276E-16
 5825.50     1.274E-16
 5827.00     1.289E-16
 5828.50     1.289E-16
 5830.00     1.289E-16
 5831.50     1.297E-16
 5833.00     1.290E-16
 5834.50     1.284E-16
 5836.00     1.283E-16
 5837.50     1.295E-16
 5839.00     1.274E-16
 5840.50     1.269E-16
 5842.00     1.275E-16
 5843.50     1.300E-16
 5845.00     1.310E-16
 5846.50     1.288E-16
 5848.00     1.283E-16
 5849.50     1.287E-16
 5851.00     1.254E-16
 5852.50     1.282E-16
 5854.00     1.285E-16
 5855.50     1.265E-16
 5857.00     1.251E-16
 5858.50     1.275E-16
 5860.00     1.279E-16
 5861.50     1.258E-16
 5863.00     1.263E-16
 5864.50     1.252E-16
 5866.00     1.254E-16
 5867.50     1.238E-16
 5869.00     1.225E-16
 5870.50     1.252E-16
 5872.00     1.257E-16
 5873.50     1.247E-16
 5875.00     1.237E-16
 5876.50     1.256E-16
 5878.00     1.259E-16
 5879.50     1.257E-16
 5881.00     1.247E-16
 5882.50     1.233E-16
 5884.00     1.204E-16
 5885.50     1.191E-16
 5887.00     1.223E-16
 5888.50     1.189E-16
 5890.00     1.139E-16
 5891.50     1.167E-16
 5893.00     1.195E-16
 5894.50     1.191E-16
 5896.00     1.186E-16
 5897.50     1.154E-16
 5899.00     1.187E-16
 5900.50     1.212E-16
 5902.00     1.217E-16
 5903.50     1.213E-16
 5905.00     1.199E-16
 5906.50     1.217E-16
 5908.00     1.232E-16
 5909.50     1.208E-16
 5911.00     1.204E-16
 5912.50     1.220E-16
 5914.00     1.215E-16
 5915.50     1.219E-16
 5917.00     1.199E-16
 5918.50     1.201E-16
 5920.00     1.223E-16
 5921.50     1.222E-16
 5923.00     1.219E-16
 5924.50     1.195E-16
 5926.00     1.199E-16
 5927.50     1.209E-16
 5929.00     1.208E-16
 5930.50     1.212E-16
 5932.00     1.217E-16
 5933.50     1.202E-16
 5935.00     1.187E-16
 5936.50     1.196E-16
 5938.00     1.222E-16
 5939.50     1.195E-16
 5941.00     1.219E-16
 5942.50     1.213E-16
 5944.00     1.188E-16
 5945.50     1.210E-16
 5947.00     1.216E-16
 5948.50     1.206E-16
 5950.00     1.220E-16
 5951.50     1.240E-16
 5953.00     1.225E-16
 5954.50     1.226E-16
 5956.00     1.206E-16
 5957.50     1.222E-16
 5959.00     1.226E-16
 5960.50     1.214E-16
 5962.00     1.202E-16
 5963.50     1.210E-16
 5965.00     1.231E-16
 5966.50     1.215E-16
 5968.00     1.217E-16
 5969.50     1.229E-16
 5971.00     1.241E-16
 5972.50     1.238E-16
 5974.00     1.219E-16
 5975.50     1.201E-16
 5977.00     1.202E-16
 5978.50     1.219E-16
 5980.00     1.215E-16
 5981.50     1.219E-16
 5983.00     1.211E-16
 5984.50     1.222E-16
 5986.00     1.239E-16
 5987.50     1.228E-16
 5989.00     1.221E-16
 5990.50     1.228E-16
 5992.00     1.215E-16
 5993.50     1.222E-16
 5995.00     1.236E-16
 5996.50     1.234E-16
 5998.00     1.226E-16
 5999.50     1.212E-16
 6001.00     1.214E-16
 6002.50     1.234E-16
 6004.00     1.238E-16
 6005.50     1.221E-16
 6007.00     1.224E-16
 6008.50     1.217E-16
 6010.00     1.217E-16
 6011.50     1.209E-16
 6013.00     1.213E-16
 6014.50     1.220E-16
 6016.00     1.216E-16
 6017.50     1.228E-16
 6019.00     1.234E-16
 6020.50     1.226E-16
 6022.00     1.234E-16
 6023.50     1.214E-16
 6025.00     1.215E-16
 6026.50     1.222E-16
 6028.00     1.211E-16
 6029.50     1.234E-16
 6031.00     1.249E-16
 6032.50     1.240E-16
 6034.00     1.215E-16
 6035.50     1.216E-16
 6037.00     1.217E-16
 6038.50     1.202E-16
 6040.00     1.200E-16
 6041.50     1.212E-16
 6043.00     1.191E-16
 6044.50     1.215E-16
 6046.00     1.206E-16
 6047.50     1.213E-16
 6049.00     1.229E-16
 6050.50     1.222E-16
 6052.00     1.204E-16
 6053.50     1.241E-16
 6055.00     1.284E-16
 6056.50     1.294E-16
 6058.00     1.312E-16
 6059.50     1.345E-16
 6061.00     1.367E-16
 6062.50     1.365E-16
 6064.00     1.379E-16
 6065.50     1.362E-16
 6067.00     1.350E-16
 6068.50     1.319E-16
 6070.00     1.294E-16
 6071.50     1.269E-16
 6073.00     1.231E-16
 6074.50     1.222E-16
 6076.00     1.210E-16
 6077.50     1.204E-16
 6079.00     1.212E-16
 6080.50     1.190E-16
 6082.00     1.182E-16
 6083.50     1.170E-16
 6085.00     1.167E-16
 6086.50     1.159E-16
 6088.00     1.158E-16
 6089.50     1.159E-16
 6091.00     1.166E-16
 6092.50     1.163E-16
 6094.00     1.160E-16
 6095.50     1.165E-16
 6097.00     1.149E-16
 6098.50     1.147E-16
 6100.00     1.158E-16
 6101.50     1.172E-16
 6103.00     1.158E-16
 6104.50     1.147E-16
 6106.00     1.164E-16
 6107.50     1.173E-16
 6109.00     1.172E-16
 6110.50     1.154E-16
 6112.00     1.158E-16
 6113.50     1.170E-16
 6115.00     1.174E-16
 6116.50     1.181E-16
 6118.00     1.169E-16
 6119.50     1.163E-16
 6121.00     1.141E-16
 6122.50     1.141E-16
 6124.00     1.149E-16
 6125.50     1.160E-16
 6127.00     1.154E-16
 6128.50     1.146E-16
 6130.00     1.138E-16
 6131.50     1.138E-16
 6133.00     1.137E-16
 6134.50     1.138E-16
 6136.00     1.140E-16
 6137.50     1.135E-16
 6139.00     1.132E-16
 6140.50     1.119E-16
 6142.00     1.123E-16
 6143.50     1.132E-16
 6145.00     1.141E-16
 6146.50     1.135E-16
 6148.00     1.126E-16
 6149.50     1.112E-16
 6151.00     1.129E-16
 6152.50     1.129E-16
 6154.00     1.121E-16
 6155.50     1.127E-16
 6157.00     1.111E-16
 6158.50     1.070E-16
 6160.00     1.076E-16
 6161.50     1.076E-16
 6163.00     1.104E-16
 6164.50     1.135E-16
 6166.00     1.103E-16
 6167.50     1.107E-16
 6169.00     1.091E-16
 6170.50     1.074E-16
 6172.00     1.094E-16
 6173.50     1.092E-16
 6175.00     1.086E-16
 6176.50     1.094E-16
 6178.00     1.079E-16
 6179.50     1.069E-16
 6181.00     1.076E-16
 6182.50     1.092E-16
 6184.00     1.058E-16
 6185.50     1.059E-16
 6187.00     1.077E-16
 6188.50     1.075E-16
 6190.00     1.065E-16
 6191.50     1.069E-16
 6193.00     1.077E-16
 6194.50     1.086E-16
 6196.00     1.082E-16
 6197.50     1.077E-16
 6199.00     1.088E-16
 6200.50     1.075E-16
 6202.00     1.081E-16
 6203.50     1.073E-16
 6205.00     1.048E-16
 6206.50     1.050E-16
 6208.00     1.052E-16
 6209.50     1.059E-16
 6211.00     1.045E-16
 6212.50     1.061E-16
 6214.00     1.039E-16
 6215.50     1.046E-16
 6217.00     1.062E-16
 6218.50     1.046E-16
 6220.00     1.034E-16
 6221.50     1.045E-16
 6223.00     1.036E-16
 6224.50     1.018E-16
 6226.00     1.022E-16
 6227.50     1.035E-16
 6229.00     1.033E-16
 6230.50     1.063E-16
 6232.00     1.039E-16
 6233.50     1.032E-16
 6235.00     1.031E-16
 6236.50     1.031E-16
 6238.00     1.023E-16
 6239.50     1.017E-16
 6241.00     1.018E-16
 6242.50     1.022E-16
 6244.00     1.024E-16
 6245.50     1.030E-16
 6247.00     1.019E-16
 6248.50     1.012E-16
 6250.00     1.008E-16
 6251.50     1.034E-16
 6253.00     1.016E-16
 6254.50     1.001E-16
 6256.00     1.020E-16
 6257.50     1.022E-16
 6259.00     1.008E-16
 6260.50     1.036E-16
 6262.00     1.036E-16
 6263.50     1.019E-16
 6265.00     1.038E-16
 6266.50     1.032E-16
 6268.00     1.020E-16
 6269.50     1.013E-16
 6271.00     1.049E-16
 6272.50     1.042E-16
 6274.00     1.035E-16
 6275.50     1.026E-16
 6277.00     1.027E-16
 6278.50     1.017E-16
 6280.00     1.029E-16
 6281.50     1.033E-16
 6283.00     1.023E-16
 6284.50     1.041E-16
 6286.00     1.077E-16
 6287.50     1.080E-16
 6289.00     1.120E-16
 6290.50     1.144E-16
 6292.00     1.147E-16
 6293.50     1.150E-16
 6295.00     1.121E-16
 6296.50     1.109E-16
 6298.00     1.106E-16
 6299.50     1.088E-16
 6301.00     1.058E-16
 6302.50     1.019E-16
 6304.00     1.042E-16
 6305.50     1.059E-16
 6307.00     1.048E-16
 6308.50     1.033E-16
 6310.00     1.018E-16
 6311.50     1.037E-16
 6313.00     1.019E-16
 6314.50     1.010E-16
 6316.00     1.020E-16
 6317.50     1.017E-16
 6319.00     1.028E-16
 6320.50     1.034E-16
 6322.00     1.029E-16
 6323.50     1.052E-16
 6325.00     1.049E-16
 6326.50     1.046E-16
 6328.00     1.056E-16
 6329.50     1.047E-16
 6331.00     1.026E-16
 6332.50     1.041E-16
 6334.00     1.036E-16
 6335.50     1.030E-16
 6337.00     1.053E-16
 6338.50     1.018E-16
 6340.00     1.002E-16
 6341.50     1.005E-16
 6343.00     1.002E-16
 6344.50     1.001E-16
 6346.00     9.868E-17
 6347.50     9.980E-17
 6349.00     1.010E-16
 6350.50     1.005E-16
 6352.00     1.013E-16
 6353.50     1.019E-16
 6355.00     9.974E-17
 6356.50     9.990E-17
 6358.00     1.032E-16
 6359.50     1.012E-16
 6361.00     1.013E-16
 6362.50     9.941E-17
 6364.00     9.864E-17
 6365.50     9.761E-17
 6367.00     9.895E-17
 6368.50     9.969E-17
 6370.00     9.967E-17
 6371.50     9.943E-17
 6373.00     9.800E-17
 6374.50     9.789E-17
 6376.00     9.809E-17
 6377.50     9.861E-17
 6379.00     9.824E-17
 6380.50     9.755E-17
 6382.00     9.874E-17
 6383.50     9.840E-17
 6385.00     9.753E-17
 6386.50     9.619E-17
 6388.00     9.455E-17
 6389.50     9.563E-17
 6391.00     9.543E-17
 6392.50     9.396E-17
 6394.00     9.438E-17
 6395.50     9.484E-17
 6397.00     9.299E-17
 6398.50     9.238E-17
 6400.00     9.375E-17
 6401.50     9.387E-17
 6403.00     9.190E-17
 6404.50     9.314E-17
 6406.00     9.482E-17
 6407.50     9.579E-17
 6409.00     9.547E-17
 6410.50     9.482E-17
 6412.00     9.626E-17
 6413.50     9.630E-17
 6415.00     9.410E-17
 6416.50     9.416E-17
 6418.00     9.403E-17
 6419.50     9.572E-17
 6421.00     9.714E-17
 6422.50     9.743E-17
 6424.00     9.718E-17
 6425.50     9.795E-17
 6427.00     9.866E-17
 6428.50     9.912E-17
 6430.00     9.893E-17
 6431.50     9.842E-17
 6433.00     9.988E-17
 6434.50     1.006E-16
 6436.00     9.889E-17
 6437.50     9.763E-17
 6439.00     9.850E-17
 6440.50     9.994E-17
 6442.00     1.004E-16
 6443.50     9.831E-17
 6445.00     9.731E-17
 6446.50     9.991E-17
 6448.00     1.015E-16
 6449.50     1.026E-16
 6451.00     1.017E-16
 6452.50     9.949E-17
 6454.00     1.004E-16
 6455.50     9.927E-17
 6457.00     9.911E-17
 6458.50     9.924E-17
 6460.00     9.843E-17
 6461.50     9.817E-17
 6463.00     9.582E-17
 6464.50     9.752E-17
 6466.00     9.742E-17
 6467.50     9.607E-17
 6469.00     9.674E-17
 6470.50     9.690E-17
 6472.00     9.634E-17
 6473.50     9.625E-17
 6475.00     9.733E-17
 6476.50     9.510E-17
 6478.00     9.708E-17
 6479.50     9.627E-17
 6481.00     9.553E-17
 6482.50     9.438E-17
 6484.00     9.542E-17
 6485.50     9.746E-17
 6487.00     9.628E-17
 6488.50     9.606E-17
 6490.00     9.527E-17
 6491.50     9.476E-17
 6493.00     9.393E-17
 6494.50     9.455E-17
 6496.00     9.517E-17
 6497.50     9.316E-17
 6499.00     9.519E-17
 6500.50     9.546E-17
 6502.00     9.382E-17
 6503.50     9.392E-17
 6505.00     9.300E-17
 6506.50     9.393E-17
 6508.00     9.424E-17
 6509.50     9.415E-17
 6511.00     9.439E-17
 6512.50     9.189E-17
 6514.00     9.228E-17
 6515.50     9.057E-17
 6517.00     9.059E-17
 6518.50     9.203E-17
 6520.00     9.284E-17
 6521.50     9.075E-17
 6523.00     9.065E-17
 6524.50     9.253E-17
 6526.00     9.194E-17
 6527.50     8.938E-17
 6529.00     8.889E-17
 6530.50     8.854E-17
 6532.00     9.084E-17
 6533.50     9.163E-17
 6535.00     9.046E-17
 6536.50     8.966E-17
 6538.00     8.871E-17
 6539.50     8.885E-17
 6541.00     8.895E-17
 6542.50     8.678E-17
 6544.00     8.944E-17
 6545.50     8.980E-17
 6547.00     8.905E-17
 6548.50     8.818E-17
 6550.00     8.800E-17
 6551.50     8.688E-17
 6553.00     8.651E-17
 6554.50     8.677E-17
 6556.00     8.700E-17
 6557.50     8.667E-17
 6559.00     8.697E-17
 6560.50     8.535E-17
 6562.00     8.525E-17
 6563.50     8.397E-17
 6565.00     8.385E-17
 6566.50     8.632E-17
 6568.00     8.589E-17
 6569.50     8.614E-17
 6571.00     8.722E-17
 6572.50     8.631E-17
 6574.00     8.529E-17
 6575.50     8.589E-17
 6577.00     8.498E-17
 6578.50     8.496E-17
 6580.00     8.595E-17
 6581.50     8.519E-17
 6583.00     8.451E-17
 6584.50     8.256E-17
 6586.00     8.380E-17
 6587.50     8.442E-17
 6589.00     8.388E-17
 6590.50     8.427E-17
 6592.00     8.570E-17
 6593.50     8.522E-17
 6595.00     8.480E-17
 6596.50     8.381E-17
 6598.00     8.459E-17
 6599.50     8.426E-17
 6601.00     8.358E-17
 6602.50     8.526E-17
 6604.00     8.605E-17
 6605.50     8.511E-17
 6607.00     8.478E-17
 6608.50     8.570E-17
 6610.00     8.575E-17
 6611.50     8.409E-17
 6613.00     8.385E-17
 6614.50     8.566E-17
 6616.00     8.556E-17
 6617.50     8.669E-17
 6619.00     8.558E-17
 6620.50     8.596E-17
 6622.00     8.593E-17
 6623.50     8.852E-17
 6625.00     8.685E-17
 6626.50     8.573E-17
 6628.00     8.669E-17
 6629.50     8.751E-17
 6631.00     8.875E-17
 6632.50     8.883E-17
 6634.00     8.888E-17
 6635.50     8.889E-17
 6637.00     8.797E-17
 6638.50     8.713E-17
 6640.00     8.810E-17
 6641.50     8.771E-17
 6643.00     8.819E-17
 6644.50     8.944E-17
 6646.00     8.928E-17
 6647.50     8.900E-17
 6649.00     8.969E-17
 6650.50     9.044E-17
 6652.00     9.070E-17
 6653.50     9.165E-17
 6655.00     9.159E-17
 6656.50     9.282E-17
 6658.00     9.270E-17
 6659.50     8.973E-17
 6661.00     9.183E-17
 6662.50     9.093E-17
 6664.00     8.947E-17
 6665.50     9.195E-17
 6667.00     9.237E-17
 6668.50     9.185E-17
 6670.00     9.181E-17
 6671.50     9.350E-17
 6673.00     9.278E-17
 6674.50     9.243E-17
 6676.00     9.362E-17
 6677.50     9.333E-17
 6679.00     9.159E-17
 6680.50     9.109E-17
 6682.00     9.144E-17
 6683.50     9.299E-17
 6685.00     9.230E-17
 6686.50     9.209E-17
 6688.00     9.307E-17
 6689.50     9.296E-17
 6691.00     9.212E-17
 6692.50     9.171E-17
 6694.00     9.145E-17
 6695.50     9.137E-17
 6697.00     9.030E-17
 6698.50     9.050E-17
 6700.00     9.160E-17
 6701.50     9.103E-17
 6703.00     9.103E-17
 6704.50     9.038E-17
 6706.00     9.063E-17
 6707.50     9.035E-17
 6709.00     8.806E-17
 6710.50     9.043E-17
 6712.00     8.909E-17
 6713.50     8.801E-17
 6715.00     8.771E-17
 6716.50     8.745E-17
 6718.00     8.906E-17
 6719.50     8.947E-17
 6721.00     8.637E-17
 6722.50     8.718E-17
 6724.00     8.739E-17
 6725.50     8.744E-17
 6727.00     8.783E-17
 6728.50     8.592E-17
 6730.00     8.527E-17
 6731.50     8.666E-17
 6733.00     8.703E-17
 6734.50     8.671E-17
 6736.00     8.443E-17
 6737.50     8.478E-17
 6739.00     8.413E-17
 6740.50     8.466E-17
 6742.00     8.355E-17
 6743.50     8.453E-17
 6745.00     8.367E-17
 6746.50     8.284E-17
 6748.00     8.420E-17
 6749.50     8.404E-17
 6751.00     8.371E-17
 6752.50     8.219E-17
 6754.00     8.184E-17
 6755.50     8.298E-17
 6757.00     8.260E-17
 6758.50     8.221E-17
 6760.00     8.244E-17
 6761.50     8.138E-17
 6763.00     8.071E-17
 6764.50     8.188E-17
 6766.00     8.181E-17
 6767.50     8.023E-17
 6769.00     8.108E-17
 6770.50     8.200E-17
 6772.00     8.117E-17
 6773.50     8.107E-17
 6775.00     8.229E-17
 6776.50     8.122E-17
 6778.00     7.998E-17
 6779.50     8.076E-17
 6781.00     8.125E-17
 6782.50     7.986E-17
 6784.00     7.955E-17
 6785.50     7.874E-17
 6787.00     7.891E-17
 6788.50     8.006E-17
 6790.00     8.025E-17
 6791.50     8.014E-17
 6793.00     7.869E-17
 6794.50     7.782E-17
 6796.00     7.853E-17
 6797.50     7.841E-17
 6799.00     7.810E-17
 6800.50     7.851E-17
 6802.00     7.839E-17
 6803.50     7.822E-17
 6805.00     7.847E-17
 6806.50     7.863E-17
 6808.00     8.011E-17
 6809.50     7.886E-17
 6811.00     7.774E-17
 6812.50     7.824E-17
 6814.00     7.990E-17
 6815.50     7.855E-17
 6817.00     7.703E-17
 6818.50     7.722E-17
 6820.00     7.706E-17
 6821.50     7.632E-17
 6823.00     7.694E-17
 6824.50     7.641E-17
 6826.00     7.673E-17
 6827.50     7.742E-17
 6829.00     7.704E-17
 6830.50     7.669E-17
 6832.00     7.630E-17
 6833.50     7.576E-17
 6835.00     7.834E-17
 6836.50     7.784E-17
 6838.00     7.689E-17
 6839.50     7.555E-17
 6841.00     7.588E-17
 6842.50     7.649E-17
 6844.00     7.534E-17
 6845.50     7.580E-17
 6847.00     7.804E-17
 6848.50     7.724E-17
 6850.00     7.567E-17
 6851.50     7.669E-17
 6853.00     7.694E-17
 6854.50     7.659E-17
 6856.00     7.664E-17
 6857.50     7.606E-17
 6859.00     7.688E-17
 6860.50     7.740E-17
 6862.00     7.715E-17
 6863.50     8.230E-17
 6865.00     8.285E-17
 6866.50     8.253E-17
 6868.00     8.122E-17
 6869.50     7.779E-17
 6871.00     7.237E-17
 6872.50     6.861E-17
 6874.00     6.775E-17
 6875.50     6.898E-17
 6877.00     7.142E-17
 6878.50     7.207E-17
 6880.00     7.298E-17
 6881.50     7.595E-17
 6883.00     8.016E-17
 6884.50     8.086E-17
 6886.00     7.779E-17
 6887.50     7.832E-17
 6889.00     7.683E-17
 6890.50     7.495E-17
 6892.00     7.457E-17
 6893.50     7.426E-17
 6895.00     7.395E-17
 6896.50     7.513E-17
 6898.00     7.590E-17
 6899.50     7.619E-17
 6901.00     7.632E-17
 6902.50     7.666E-17
 6904.00     7.689E-17
 6905.50     7.488E-17
 6907.00     7.606E-17
 6908.50     7.706E-17
 6910.00     7.539E-17
 6911.50     7.511E-17
 6913.00     7.528E-17
 6914.50     7.382E-17
 6916.00     7.623E-17
 6917.50     7.632E-17
 6919.00     7.498E-17
 6920.50     7.429E-17
 6922.00     7.592E-17
 6923.50     7.639E-17
 6925.00     7.554E-17
 6926.50     7.549E-17
 6928.00     7.603E-17
 6929.50     7.584E-17
 6931.00     7.554E-17
 6932.50     7.420E-17
 6934.00     7.339E-17
 6935.50     7.488E-17
 6937.00     7.453E-17
 6938.50     7.574E-17
 6940.00     7.651E-17
 6941.50     7.545E-17
 6943.00     7.276E-17
 6944.50     7.527E-17
 6946.00     7.496E-17
 6947.50     7.481E-17
 6949.00     7.503E-17
 6950.50     7.356E-17
 6952.00     7.559E-17
 6953.50     7.424E-17
 6955.00     7.262E-17
 6956.50     7.472E-17
 6958.00     7.495E-17
 6959.50     7.435E-17
 6961.00     7.427E-17
 6962.50     7.481E-17
 6964.00     7.371E-17
 6965.50     7.446E-17
 6967.00     7.392E-17
 6968.50     7.530E-17
 6970.00     7.634E-17
 6971.50     7.505E-17
 6973.00     7.493E-17
 6974.50     7.688E-17
 6976.00     7.484E-17
 6977.50     7.467E-17
 6979.00     7.454E-17
 6980.50     7.530E-17
 6982.00     7.698E-17
 6983.50     7.769E-17
 6985.00     7.767E-17
 6986.50     7.616E-17
 6988.00     7.631E-17
 6989.50     7.568E-17
 6991.00     7.557E-17
 6992.50     7.484E-17
 6994.00     7.431E-17
 6995.50     7.455E-17
 6997.00     7.552E-17
 6998.50     7.591E-17
 7000.00     7.591E-17
 7001.50     7.610E-17
 7003.00     7.578E-17
 7004.50     7.679E-17
 7006.00     7.689E-17
 7007.50     7.841E-17
 7009.00     8.018E-17
 7010.50     7.915E-17
 7012.00     7.915E-17
 7013.50     8.236E-17
 7015.00     8.161E-17
 7016.50     8.096E-17
 7018.00     8.098E-17
 7019.50     8.454E-17
 7021.00     8.245E-17
 7022.50     8.173E-17
 7024.00     8.483E-17
 7025.50     8.535E-17
 7027.00     8.383E-17
 7028.50     8.633E-17
 7030.00     8.702E-17
 7031.50     8.593E-17
 7033.00     8.635E-17
 7034.50     8.857E-17
 7036.00     8.968E-17
 7037.50     9.020E-17
 7039.00     8.894E-17
 7040.50     8.943E-17
 7042.00     8.930E-17
 7043.50     8.929E-17
 7045.00     9.112E-17
 7046.50     9.064E-17
 7048.00     9.126E-17
 7049.50     9.179E-17
 7051.00     9.193E-17
 7052.50     9.242E-17
 7054.00     9.404E-17
 7055.50     9.417E-17
 7057.00     9.414E-17
 7058.50     9.560E-17
 7060.00     9.649E-17
 7061.50     9.490E-17
 7063.00     9.295E-17
 7064.50     9.391E-17
 7066.00     9.463E-17
 7067.50     9.624E-17
 7069.00     9.579E-17
 7070.50     9.478E-17
 7072.00     9.575E-17
 7073.50     9.488E-17
 7075.00     9.174E-17
 7076.50     9.383E-17
 7078.00     9.340E-17
 7079.50     9.358E-17
 7081.00     9.322E-17
 7082.50     9.441E-17
 7084.00     9.542E-17
 7085.50     9.358E-17
 7087.00     9.349E-17
 7088.50     9.487E-17
 7090.00     9.508E-17
 7091.50     9.551E-17
 7093.00     9.465E-17
 7094.50     9.404E-17
 7096.00     9.332E-17
 7097.50     9.580E-17
 7099.00     9.626E-17
 7100.50     9.626E-17
 7102.00     9.614E-17
 7103.50     9.380E-17
 7105.00     9.318E-17
 7106.50     9.218E-17
 7108.00     9.109E-17
 7109.50     8.984E-17
 7111.00     9.085E-17
 7112.50     9.115E-17
 7114.00     8.985E-17
 7115.50     8.884E-17
 7117.00     8.727E-17
 7118.50     8.656E-17
 7120.00     8.565E-17
 7121.50     8.681E-17
 7123.00     8.791E-17
 7124.50     8.618E-17
 7126.00     8.520E-17
 7127.50     8.523E-17
 7129.00     8.330E-17
 7130.50     8.394E-17
 7132.00     8.419E-17
 7133.50     8.193E-17
 7135.00     8.252E-17
 7136.50     8.139E-17
 7138.00     8.171E-17
 7139.50     8.316E-17
 7141.00     8.364E-17
 7142.50     8.185E-17
 7144.00     8.082E-17
 7145.50     8.296E-17
 7147.00     8.257E-17
 7148.50     8.195E-17
 7150.00     8.204E-17
 7151.50     7.984E-17
 7153.00     8.091E-17
 7154.50     8.243E-17
 7156.00     8.092E-17
 7157.50     7.939E-17
 7159.00     8.125E-17
 7160.50     8.014E-17
 7162.00     8.069E-17
 7163.50     8.050E-17
 7165.00     8.061E-17
 7166.50     7.848E-17
 7168.00     7.766E-17
 7169.50     7.754E-17
 7171.00     7.822E-17
 7172.50     7.789E-17
 7174.00     7.732E-17
 7175.50     7.413E-17
 7177.00     7.464E-17
 7178.50     7.535E-17
 7180.00     7.403E-17
 7181.50     7.620E-17
 7183.00     7.713E-17
 7184.50     7.759E-17
 7186.00     7.595E-17
 7187.50     7.442E-17
 7189.00     7.536E-17
 7190.50     7.489E-17
 7192.00     7.493E-17
 7193.50     7.490E-17
 7195.00     7.483E-17
 7196.50     7.434E-17
 7198.00     7.546E-17
 7199.50     7.466E-17
 7201.00     7.592E-17
 7202.50     7.424E-17
 7204.00     7.197E-17
 7205.50     7.392E-17
 7207.00     7.467E-17
 7208.50     7.441E-17
 7210.00     7.482E-17
 7211.50     7.567E-17
 7213.00     7.597E-17
 7214.50     7.651E-17
 7216.00     7.661E-17
 7217.50     7.629E-17
 7219.00     7.572E-17
 7220.50     7.541E-17
 7222.00     7.590E-17
 7223.50     7.723E-17
 7225.00     7.607E-17
 7226.50     7.492E-17
 7228.00     7.614E-17
 7229.50     7.448E-17
 7231.00     7.549E-17
 7232.50     7.544E-17
 7234.00     7.501E-17
 7235.50     7.146E-17
 7237.00     7.208E-17
 7238.50     7.332E-17
 7240.00     7.272E-17
 7241.50     7.283E-17
 7243.00     7.124E-17
 7244.50     7.279E-17
 7246.00     7.345E-17
 7247.50     7.393E-17
 7249.00     7.276E-17
 7250.50     7.340E-17
 7252.00     7.344E-17
 7253.50     7.209E-17
 7255.00     7.343E-17
 7256.50     7.362E-17
 7258.00     7.229E-17
 7259.50     7.355E-17
 7261.00     7.386E-17
 7262.50     7.344E-17
 7264.00     7.337E-17
 7265.50     7.374E-17
 7267.00     7.331E-17
 7268.50     7.527E-17
 7270.00     7.581E-17
 7271.50     7.545E-17
 7273.00     8.006E-17
 7274.50     7.677E-17
 7276.00     7.449E-17
 7277.50     7.495E-17
 7279.00     7.474E-17
 7280.50     7.372E-17
 7282.00     7.528E-17
 7283.50     7.882E-17
 7285.00     7.822E-17
 7286.50     7.619E-17
 7288.00     7.673E-17
 7289.50     7.609E-17
 7291.00     7.443E-17
 7292.50     7.252E-17
 7294.00     7.230E-17
 7295.50     7.365E-17
 7297.00     7.370E-17
 7298.50     7.413E-17
 7300.00     7.824E-17
 7301.50     7.542E-17
 7303.00     7.445E-17
 7304.50     7.591E-17
 7306.00     7.494E-17
 7307.50     7.553E-17
 7309.00     7.595E-17
 7310.50     7.445E-17
 7312.00     7.320E-17
 7313.50     7.540E-17
 7315.00     7.510E-17
 7316.50     7.627E-17
 7318.00     7.606E-17
 7319.50     7.599E-17
 7321.00     7.511E-17
 7322.50     7.649E-17
 7324.00     7.666E-17
 7325.50     7.740E-17
 7327.00     7.810E-17
 7328.50     7.786E-17
 7330.00     7.716E-17
 7331.50     7.752E-17
 7333.00     7.845E-17
 7334.50     7.814E-17
 7336.00     7.526E-17
 7337.50     7.606E-17
 7339.00     7.722E-17
 7340.50     7.766E-17
 7342.00     7.824E-17
 7343.50     7.793E-17
 7345.00     7.652E-17
 7346.50     7.522E-17
 7348.00     7.495E-17
 7349.50     7.461E-17
 7351.00     7.260E-17
 7352.50     7.230E-17
 7354.00     7.477E-17
 7355.50     7.672E-17
 7357.00     7.641E-17
 7358.50     7.608E-17
 7360.00     7.577E-17
 7361.50     7.524E-17
 7363.00     7.547E-17
 7364.50     7.365E-17
 7366.00     7.377E-17
 7367.50     7.546E-17
 7369.00     7.710E-17
 7370.50     7.567E-17
 7372.00     7.455E-17
 7373.50     7.553E-17
 7375.00     7.621E-17
 7376.50     7.539E-17
 7378.00     7.497E-17
 7379.50     7.591E-17
 7381.00     7.622E-17
 7382.50     7.569E-17
 7384.00     7.561E-17
 7385.50     7.397E-17
 7387.00     7.522E-17
 7388.50     7.643E-17
 7390.00     7.556E-17
 7391.50     7.533E-17
 7393.00     7.538E-17
 7394.50     7.584E-17
 7396.00     7.488E-17
 7397.50     7.630E-17
 7399.00     7.556E-17
 7400.50     7.616E-17
 7402.00     7.663E-17
 7403.50     7.634E-17
 7405.00     7.585E-17
 7406.50     7.599E-17
 7408.00     7.652E-17
 7409.50     7.538E-17
 7411.00     7.443E-17
 7412.50     7.445E-17
 7414.00     7.624E-17
 7415.50     7.652E-17
 7417.00     7.645E-17
 7418.50     7.545E-17
 7420.00     7.557E-17
 7421.50     7.559E-17
 7423.00     7.747E-17
 7424.50     7.849E-17
 7426.00     7.638E-17
 7427.50     7.592E-17
 7429.00     7.699E-17
 7430.50     7.801E-17
 7432.00     7.746E-17
 7433.50     7.878E-17
 7435.00     7.753E-17
 7436.50     7.557E-17
 7438.00     7.674E-17
 7439.50     7.766E-17
 7441.00     7.679E-17
 7442.50     7.636E-17
 7444.00     7.709E-17
 7445.50     7.609E-17
 7447.00     7.653E-17
 7448.50     7.664E-17
 7450.00     7.714E-17
 7451.50     7.633E-17
 7453.00     7.396E-17
 7454.50     7.386E-17
 7456.00     7.551E-17
 7457.50     7.506E-17
 7459.00     7.438E-17
 7460.50     7.506E-17
 7462.00     7.672E-17
 7463.50     7.623E-17
 7465.00     7.610E-17
 7466.50     7.614E-17
 7468.00     7.449E-17
 7469.50     7.256E-17
 7471.00     7.290E-17
 7472.50     7.565E-17
 7474.00     7.561E-17
 7475.50     7.592E-17
 7477.00     7.661E-17
 7478.50     7.455E-17
 7480.00     7.473E-17
 7481.50     7.515E-17
 7483.00     7.471E-17
 7484.50     7.470E-17
 7486.00     7.438E-17
 7487.50     7.509E-17
 7489.00     7.515E-17
 7490.50     7.384E-17
 7492.00     7.396E-17
 7493.50     7.438E-17
 7495.00     7.429E-17
 7496.50     7.359E-17
 7498.00     7.506E-17
 7499.50     7.379E-17
 7501.00     7.208E-17
 7502.50     7.289E-17
 7504.00     7.502E-17
 7505.50     7.558E-17
 7507.00     7.494E-17
 7508.50     7.446E-17
 7510.00     7.340E-17
 7511.50     7.467E-17
 7513.00     7.541E-17
 7514.50     7.489E-17
 7516.00     7.392E-17
 7517.50     7.302E-17
 7519.00     7.513E-17
 7520.50     7.501E-17
 7522.00     7.494E-17
 7523.50     7.504E-17
 7525.00     7.457E-17
 7526.50     7.405E-17
 7528.00     7.287E-17
 7529.50     7.428E-17
 7531.00     7.486E-17
 7532.50     7.406E-17
 7534.00     7.323E-17
 7535.50     7.395E-17
 7537.00     7.390E-17
 7538.50     7.435E-17
 7540.00     7.511E-17
 7541.50     7.343E-17
 7543.00     7.346E-17
 7544.50     7.398E-17
 7546.00     7.433E-17
 7547.50     7.463E-17
 7549.00     7.227E-17
 7550.50     7.323E-17
 7552.00     7.435E-17
 7553.50     7.339E-17
 7555.00     7.333E-17
 7556.50     7.224E-17
 7558.00     7.249E-17
 7559.50     7.229E-17
 7561.00     7.292E-17
 7562.50     7.264E-17
 7564.00     7.199E-17
 7565.50     7.260E-17
 7567.00     7.265E-17
 7568.50     7.180E-17
 7570.00     7.145E-17
 7571.50     7.222E-17
 7573.00     7.228E-17
 7574.50     7.223E-17
 7576.00     7.276E-17
 7577.50     7.326E-17
 7579.00     7.271E-17
 7580.50     7.220E-17
 7582.00     7.187E-17
 7583.50     7.235E-17
 7585.00     7.167E-17
 7586.50     7.235E-17
 7588.00     7.134E-17
 7589.50     6.962E-17
 7591.00     7.296E-17
 7592.50     7.891E-17
 7594.00     8.241E-17
 7595.50     8.103E-17
 7597.00     8.134E-17
 7598.50     8.191E-17
 7600.00     8.350E-17
 7601.50     7.265E-17
 7603.00     6.504E-17
 7604.50     5.911E-17
 7606.00     5.561E-17
 7607.50     5.604E-17
 7609.00     5.673E-17
 7610.50     5.674E-17
 7612.00     5.360E-17
 7613.50     5.522E-17
 7615.00     5.844E-17
 7616.50     6.296E-17
 7618.00     6.615E-17
 7619.50     6.604E-17
 7621.00     7.303E-17
 7622.50     7.847E-17
 7624.00     7.986E-17
 7625.50     7.742E-17
 7627.00     7.476E-17
 7628.50     7.881E-17
 7630.00     7.918E-17
 7631.50     7.466E-17
 7633.00     7.339E-17
 7634.50     6.729E-17
 7636.00     6.709E-17
 7637.50     6.871E-17
 7639.00     6.591E-17
 7640.50     6.442E-17
 7642.00     6.621E-17
 7643.50     6.643E-17
 7645.00     6.690E-17
 7646.50     6.680E-17
 7648.00     6.832E-17
 7649.50     6.885E-17
 7651.00     7.012E-17
 7652.50     6.899E-17
 7654.00     6.842E-17
 7655.50     6.767E-17
 7657.00     6.861E-17
 7658.50     6.885E-17
 7660.00     6.924E-17
 7661.50     7.001E-17
 7663.00     7.035E-17
 7664.50     7.055E-17
 7666.00     6.993E-17
 7667.50     6.993E-17
 7669.00     7.087E-17
 7670.50     7.115E-17
 7672.00     7.143E-17
 7673.50     7.137E-17
 7675.00     7.110E-17
 7676.50     7.129E-17
 7678.00     7.196E-17
 7679.50     6.993E-17
 7681.00     6.933E-17
 7682.50     7.116E-17
 7684.00     7.115E-17
 7685.50     6.954E-17
 7687.00     6.935E-17
 7688.50     6.887E-17
 7690.00     6.906E-17
 7691.50     6.852E-17
 7693.00     6.890E-17
 7694.50     6.847E-17
 7696.00     6.834E-17
 7697.50     6.796E-17
 7699.00     6.967E-17
 7700.50     6.948E-17
 7702.00     7.014E-17
 7703.50     7.055E-17
 7705.00     6.997E-17
 7706.50     6.989E-17
 7708.00     6.845E-17
 7709.50     6.959E-17
 7711.00     7.021E-17
 7712.50     7.079E-17
 7714.00     7.202E-17
 7715.50     6.936E-17
 7717.00     6.929E-17
 7718.50     7.010E-17
 7720.00     6.931E-17
 7721.50     7.051E-17
 7723.00     6.755E-17
 7724.50     6.871E-17
 7726.00     7.024E-17
 7727.50     6.973E-17
 7729.00     6.916E-17
 7730.50     6.848E-17
 7732.00     7.043E-17
 7733.50     6.940E-17
 7735.00     6.835E-17
 7736.50     6.799E-17
 7738.00     6.856E-17
 7739.50     6.789E-17
 7741.00     6.721E-17
 7742.50     6.854E-17
 7744.00     6.717E-17
 7745.50     6.574E-17
 7747.00     6.835E-17
 7748.50     6.721E-17
 7750.00     6.780E-17
 7751.50     6.779E-17
 7753.00     6.746E-17
 7754.50     6.649E-17
 7756.00     6.556E-17
 7757.50     6.718E-17
 7759.00     6.699E-17
 7760.50     6.778E-17
 7762.00     7.017E-17
 7763.50     6.732E-17
 7765.00     6.646E-17
 7766.50     6.670E-17
 7768.00     6.735E-17
 7769.50     6.906E-17
 7771.00     6.942E-17
 7772.50     6.957E-17
 7774.00     6.930E-17
 7775.50     6.909E-17
 7777.00     6.969E-17
 7778.50     6.927E-17
 7780.00     6.734E-17
 7781.50     6.718E-17
 7783.00     6.887E-17
 7784.50     6.898E-17
 7786.00     6.982E-17
 7787.50     6.968E-17
 7789.00     6.893E-17
 7790.50     6.954E-17
 7792.00     6.915E-17
 7793.50     6.939E-17
 7795.00     6.785E-17
 7796.50     6.912E-17
 7798.00     7.121E-17
 7799.50     7.136E-17
 7801.00     6.901E-17
 7802.50     7.136E-17
 7804.00     7.210E-17
 7805.50     7.222E-17
 7807.00     7.140E-17
 7808.50     7.162E-17
 7810.00     7.257E-17
 7811.50     7.209E-17
 7813.00     7.099E-17
 7814.50     7.327E-17
 7816.00     7.229E-17
 7817.50     7.249E-17
 7819.00     7.162E-17
 7820.50     7.235E-17
 7822.00     7.281E-17
 7823.50     7.327E-17
 7825.00     7.569E-17
 7826.50     7.610E-17
 7828.00     7.633E-17
 7829.50     7.680E-17
 7831.00     7.705E-17
 7832.50     7.866E-17
 7834.00     7.889E-17
 7835.50     7.951E-17
 7837.00     7.910E-17
 7838.50     7.767E-17
 7840.00     7.946E-17
 7841.50     8.163E-17
 7843.00     8.153E-17
 7844.50     8.080E-17
 7846.00     8.283E-17
 7847.50     8.290E-17
 7849.00     8.230E-17
 7850.50     8.281E-17
 7852.00     8.435E-17
 7853.50     8.602E-17
 7855.00     8.781E-17
 7856.50     8.946E-17
 7858.00     8.912E-17
 7859.50     8.822E-17
 7861.00     9.022E-17
 7862.50     9.220E-17
 7864.00     9.317E-17
 7865.50     9.267E-17
 7867.00     9.381E-17
 7868.50     9.434E-17
 7870.00     9.510E-17
 7871.50     9.599E-17
 7873.00     9.826E-17
 7874.50     9.937E-17
 7876.00     1.002E-16
 7877.50     1.024E-16
 7879.00     1.011E-16
 7880.50     1.008E-16
 7882.00     1.016E-16
 7883.50     1.033E-16
 7885.00     1.036E-16
 7886.50     1.059E-16
 7888.00     1.060E-16
 7889.50     1.055E-16
 7891.00     1.078E-16
 7892.50     1.087E-16
 7894.00     1.071E-16
 7895.50     1.068E-16
 7897.00     1.077E-16
 7898.50     1.101E-16
 7900.00     1.122E-16
 7901.50     1.121E-16
 7903.00     1.133E-16
 7904.50     1.156E-16
 7906.00     1.173E-16
 7907.50     1.192E-16
 7909.00     1.201E-16
 7910.50     1.204E-16
 7912.00     1.188E-16
 7913.50     1.194E-16
 7915.00     1.157E-16
 7916.50     1.170E-16
 7918.00     1.159E-16
 7919.50     1.135E-16
 7921.00     1.127E-16
 7922.50     1.103E-16
 7924.00     1.099E-16
 7925.50     1.112E-16
 7927.00     1.101E-16
 7928.50     1.103E-16
 7930.00     1.097E-16
 7931.50     1.094E-16
 7933.00     1.100E-16
 7934.50     1.103E-16
 7936.00     1.088E-16
 7937.50     1.081E-16
 7939.00     1.076E-16
 7940.50     1.090E-16
 7942.00     1.084E-16
 7943.50     1.086E-16
 7945.00     1.063E-16
 7946.50     1.038E-16
 7948.00     1.045E-16
 7949.50     1.060E-16
 7951.00     1.049E-16
 7952.50     1.032E-16
 7954.00     1.035E-16
 7955.50     1.033E-16
 7957.00     1.030E-16
 7958.50     1.023E-16
 7960.00     1.016E-16
 7961.50     1.028E-16
 7963.00     1.004E-16
 7964.50     9.825E-17
 7966.00     9.796E-17
 7967.50     9.707E-17
 7969.00     9.871E-17
 7970.50     9.929E-17
 7972.00     9.920E-17
 7973.50     9.774E-17
 7975.00     9.477E-17
 7976.50     9.470E-17
 7978.00     9.638E-17
 7979.50     9.693E-17
 7981.00     9.463E-17
 7982.50     9.385E-17
 7984.00     9.313E-17
 7985.50     9.057E-17
 7987.00     9.037E-17
 7988.50     8.895E-17
 7990.00     9.042E-17
 7991.50     9.077E-17
 7993.00     9.047E-17
 7994.50     8.775E-17
 7996.00     8.726E-17
 7997.50     8.966E-17
 7999.00     9.108E-17
 8000.50     8.837E-17
 8002.00     8.609E-17
 8003.50     8.565E-17
 8005.00     8.552E-17
 8006.50     8.441E-17
 8008.00     8.283E-17
 8009.50     8.316E-17
 8011.00     8.398E-17
 8012.50     8.148E-17
 8014.00     8.185E-17
 8015.50     8.342E-17
 8017.00     8.326E-17
 8018.50     8.125E-17
 8020.00     8.241E-17
 8021.50     8.143E-17
 8023.00     8.259E-17
 8024.50     8.340E-17
 8026.00     8.186E-17
 8027.50     7.960E-17
 8029.00     8.032E-17
 8030.50     7.853E-17
 8032.00     7.945E-17
 8033.50     8.169E-17
 8035.00     8.020E-17
 8036.50     7.930E-17
 8038.00     7.865E-17
 8039.50     7.871E-17
 8041.00     7.920E-17
 8042.50     8.100E-17
 8044.00     8.002E-17
 8045.50     8.032E-17
 8047.00     8.097E-17
 8048.50     8.059E-17
 8050.00     8.116E-17
 8051.50     8.092E-17
 8053.00     8.214E-17
 8054.50     8.305E-17
 8056.00     8.303E-17
 8057.50     8.438E-17
 8059.00     8.659E-17
 8060.50     9.027E-17
 8062.00     9.620E-17
 8063.50     1.020E-16
 8065.00     1.074E-16
 8066.50     1.110E-16
 8068.00     1.122E-16
 8069.50     1.110E-16
 8071.00     1.063E-16
 8072.50     9.995E-17
 8074.00     9.505E-17
 8075.50     9.056E-17
 8077.00     8.729E-17
 8078.50     8.307E-17
 8080.00     8.140E-17
 8081.50     7.774E-17
 8083.00     7.491E-17
 8084.50     7.356E-17
 8086.00     7.442E-17
 8087.50     7.353E-17
 8089.00     7.417E-17
 8090.50     7.293E-17
 8092.00     7.269E-17
 8093.50     7.290E-17
 8095.00     7.219E-17
 8096.50     7.152E-17
 8098.00     7.095E-17
 8099.50     6.885E-17
 8101.00     7.103E-17
 8102.50     7.020E-17
 8104.00     7.040E-17
 8105.50     6.973E-17
 8107.00     6.957E-17
 8108.50     7.011E-17
 8110.00     7.054E-17
 8111.50     7.133E-17
 8113.00     7.115E-17
 8114.50     7.119E-17
 8116.00     7.126E-17
 8117.50     7.348E-17
 8119.00     7.356E-17
 8120.50     7.405E-17
 8122.00     7.378E-17
 8123.50     7.668E-17
 8125.00     7.648E-17
 8126.50     7.636E-17
 8128.00     7.849E-17
 8129.50     8.073E-17
 8131.00     8.285E-17
 8132.50     8.670E-17
 8134.00     9.027E-17
 8135.50     9.504E-17
 8137.00     1.028E-16
 8138.50     1.154E-16
 8140.00     1.304E-16
 8141.50     1.457E-16
 8143.00     1.609E-16
 8144.50     1.734E-16
 8146.00     1.762E-16
 8147.50     1.713E-16
 8149.00     1.579E-16
 8150.50     1.416E-16
 8152.00     1.277E-16
 8153.50     1.198E-16
 8155.00     1.117E-16
 8156.50     1.015E-16
 8158.00     9.346E-17
 8159.50     8.380E-17
 8161.00     7.817E-17
 8162.50     7.278E-17
 8164.00     6.772E-17
 8165.50     6.494E-17
 8167.00     6.480E-17
 8168.50     6.441E-17
 8170.00     6.605E-17
 8171.50     6.442E-17
 8173.00     6.511E-17
 8174.50     6.847E-17
 8176.00     6.847E-17
 8177.50     6.728E-17
 8179.00     6.622E-17
 8180.50     6.492E-17
 8182.00     6.571E-17
 8183.50     6.617E-17
 8185.00     6.723E-17
 8186.50     6.668E-17
 8188.00     6.507E-17
 8189.50     6.522E-17
 8191.00     6.464E-17
 8192.50     6.552E-17
 8194.00     6.580E-17
 8195.50     6.578E-17
 8197.00     6.444E-17
 8198.50     6.448E-17
 8200.00     6.406E-17
 8201.50     6.370E-17
 8203.00     6.499E-17
 8204.50     6.510E-17
 8206.00     6.556E-17
 8207.50     6.568E-17
 8209.00     6.454E-17
 8210.50     6.441E-17
 8212.00     6.519E-17
 8213.50     6.532E-17
 8215.00     6.668E-17
 8216.50     6.565E-17
 8218.00     6.587E-17
 8219.50     6.568E-17
 8221.00     6.534E-17
 8222.50     6.462E-17
 8224.00     6.722E-17
 8225.50     6.684E-17
 8227.00     6.466E-17
 8228.50     6.349E-17
 8230.00     6.281E-17
 8231.50     6.097E-17
 8233.00     5.992E-17
 8234.50     5.927E-17
 8236.00     5.863E-17
 8237.50     6.265E-17
 8239.00     6.392E-17
 8240.50     6.302E-17
 8242.00     6.304E-17
 8243.50     6.357E-17
 8245.00     6.180E-17
 8246.50     6.177E-17
 8248.00     6.341E-17
 8249.50     6.392E-17
 8251.00     6.419E-17
 8252.50     6.459E-17
 8254.00     6.591E-17
 8255.50     6.516E-17
 8257.00     6.356E-17
 8258.50     6.253E-17
 8260.00     6.188E-17
 8261.50     6.231E-17
 8263.00     6.203E-17
 8264.50     6.241E-17
 8266.00     6.275E-17
 8267.50     6.294E-17
 8269.00     6.210E-17
 8270.50     6.228E-17
 8272.00     6.272E-17
 8273.50     6.281E-17
 8275.00     6.229E-17
 8276.50     6.105E-17
 8278.00     5.982E-17
 8279.50     6.170E-17
 8281.00     6.159E-17
 8282.50     6.224E-17
 8284.00     6.117E-17
 8285.50     5.956E-17
 8287.00     5.965E-17
 8288.50     6.196E-17
 8290.00     6.015E-17
 8291.50     5.762E-17
 8293.00     5.665E-17
 8294.50     5.621E-17
 8296.00     5.799E-17
 8297.50     6.010E-17
 8299.00     5.844E-17
 8300.50     6.097E-17
 8302.00     6.179E-17
 8303.50     6.278E-17
 8305.00     6.102E-17
 8306.50     5.965E-17
 8308.00     5.842E-17
 8309.50     5.896E-17
 8311.00     6.128E-17
 8312.50     6.181E-17
 8314.00     6.124E-17
 8315.50     6.212E-17
 8317.00     6.271E-17
 8318.50     6.167E-17
 8320.00     6.250E-17
 8321.50     6.186E-17
 8323.00     6.094E-17
 8324.50     6.068E-17
 8326.00     6.124E-17
 8327.50     6.262E-17
 8329.00     6.212E-17
 8330.50     6.127E-17
 8332.00     6.244E-17
 8333.50     6.124E-17
 8335.00     5.982E-17
 8336.50     5.955E-17
 8338.00     6.029E-17
 8339.50     6.078E-17
 8341.00     6.070E-17
 8342.50     6.354E-17
 8344.00     6.275E-17
 8345.50     6.121E-17
 8347.00     6.204E-17
 8348.50     6.052E-17
 8350.00     6.178E-17
 8351.50     6.265E-17
 8353.00     6.154E-17
 8354.50     5.834E-17
 8356.00     5.721E-17
 8357.50     5.931E-17
 8359.00     6.235E-17
 8360.50     6.454E-17
 8362.00     6.265E-17
 8363.50     6.156E-17
 8365.00     6.191E-17
 8366.50     6.157E-17
 8368.00     6.162E-17
 8369.50     6.228E-17
 8371.00     6.194E-17
 8372.50     6.155E-17
 8374.00     6.273E-17
 8375.50     6.186E-17
 8377.00     6.063E-17
 8378.50     6.055E-17
 8380.00     6.197E-17
 8381.50     6.294E-17
 8383.00     6.178E-17
 8384.50     6.346E-17
 8386.00     6.327E-17
 8387.50     6.316E-17
 8389.00     6.482E-17
 8390.50     6.373E-17
 8392.00     6.493E-17
 8393.50     6.298E-17
 8395.00     6.096E-17
 8396.50     6.247E-17
 8398.00     6.292E-17
 8399.50     6.135E-17
 8401.00     6.362E-17
 8402.50     6.364E-17
 8404.00     6.083E-17
 8405.50     6.043E-17
 8407.00     6.194E-17
 8408.50     6.079E-17
 8410.00     5.970E-17
 8411.50     6.095E-17
 8413.00     6.040E-17
 8414.50     6.098E-17
 8416.00     6.166E-17
 8417.50     6.153E-17
 8419.00     6.198E-17
 8420.50     6.065E-17
 8422.00     5.993E-17
 8423.50     5.915E-17
 8425.00     5.794E-17
 8426.50     5.922E-17
 8428.00     6.082E-17
 8429.50     6.072E-17
 8431.00     6.242E-17
 8432.50     6.095E-17
 8434.00     6.055E-17
 8435.50     6.168E-17
 8437.00     6.188E-17
 8438.50     6.048E-17
 8440.00     5.810E-17
 8441.50     6.027E-17
 8443.00     6.219E-17
 8444.50     6.204E-17
 8446.00     6.161E-17
 8447.50     6.153E-17
 8449.00     6.061E-17
 8450.50     6.022E-17
 8452.00     6.032E-17
 8453.50     6.219E-17
 8455.00     6.411E-17
 8456.50     6.657E-17
 8458.00     6.358E-17
 8459.50     6.198E-17
 8461.00     6.120E-17
 8462.50     6.198E-17
 8464.00     6.446E-17
 8465.50     6.419E-17
 8467.00     6.285E-17
 8468.50     6.186E-17
 8470.00     6.198E-17
 8471.50     6.188E-17
 8473.00     6.290E-17
 8474.50     6.312E-17
 8476.00     5.869E-17
 8477.50     6.255E-17
 8479.00     6.316E-17
 8480.50     6.216E-17
 8482.00     6.149E-17
 8483.50     6.278E-17
 8485.00     6.260E-17
 8486.50     6.325E-17
 8488.00     6.539E-17
 8489.50     6.417E-17
 8491.00     6.188E-17
 8492.50     6.227E-17
 8494.00     6.297E-17
 8495.50     6.421E-17
 8497.00     6.420E-17
 8498.50     6.117E-17
 8500.00     5.813E-17
 8501.50     6.004E-17
 8503.00     6.281E-17
 8504.50     6.149E-17
 8506.00     6.204E-17
 8507.50     6.107E-17
 8509.00     6.019E-17
 8510.50     5.977E-17
 8512.00     6.063E-17
 8513.50     6.330E-17
 8515.00     6.207E-17
 8516.50     6.142E-17
 8518.00     6.183E-17
 8519.50     6.094E-17
 8521.00     6.117E-17
 8522.50     6.140E-17
 8524.00     6.033E-17
 8525.50     6.194E-17
 8527.00     6.138E-17
 8528.50     6.233E-17
 8530.00     6.090E-17
 8531.50     6.057E-17
 8533.00     6.172E-17
 8534.50     6.124E-17
 8536.00     6.067E-17
 8537.50     5.922E-17
 8539.00     5.960E-17
 8540.50     6.212E-17
 8542.00     6.210E-17
 8543.50     6.115E-17
 8545.00     6.095E-17
 8546.50     6.023E-17
 8548.00     6.129E-17
 8549.50     5.998E-17
 8551.00     5.966E-17
 8552.50     6.092E-17
 8554.00     6.231E-17
 8555.50     6.303E-17
 8557.00     6.037E-17
 8558.50     6.100E-17
 8560.00     6.078E-17
 8561.50     6.071E-17
 8563.00     6.155E-17
 8564.50     6.097E-17
 8566.00     5.923E-17
 8567.50     5.707E-17
 8569.00     5.671E-17
 8570.50     5.930E-17
 8572.00     5.910E-17
 8573.50     6.104E-17
 8575.00     5.949E-17
 8576.50     5.857E-17
 8578.00     5.843E-17
 8579.50     5.928E-17
 8581.00     5.954E-17
 8582.50     5.943E-17
 8584.00     5.844E-17
 8585.50     5.855E-17
 8587.00     5.969E-17
 8588.50     5.967E-17
 8590.00     5.985E-17
 8591.50     5.972E-17
 8593.00     6.171E-17
 8594.50     5.966E-17
 8596.00     5.947E-17
 8597.50     5.930E-17
 8599.00     5.799E-17
 8600.50     5.852E-17
 8602.00     6.030E-17
 8603.50     6.160E-17
 8605.00     5.985E-17
 8606.50     5.946E-17
 8608.00     5.969E-17
 8609.50     5.982E-17
 8611.00     5.988E-17
 8612.50     5.984E-17
 8614.00     5.991E-17
 8615.50     6.113E-17
 8617.00     6.113E-17
 8618.50     5.909E-17
 8620.00     5.654E-17
 8621.50     5.881E-17
 8623.00     6.029E-17
 8624.50     5.720E-17
 8626.00     5.867E-17
 8627.50     5.832E-17
 8629.00     5.898E-17
 8630.50     5.809E-17
 8632.00     6.183E-17
 8633.50     5.930E-17
 8635.00     6.012E-17
 8636.50     5.940E-17
 8638.00     5.885E-17
 8639.50     5.740E-17
 8641.00     5.754E-17
 8642.50     5.988E-17
 8644.00     5.880E-17
 8645.50     5.880E-17
 8647.00     5.757E-17
 8648.50     5.969E-17
 8650.00     5.949E-17
 8651.50     5.858E-17
 8653.00     5.894E-17
 8654.50     5.736E-17
 8656.00     5.625E-17
 8657.50     5.526E-17
 8659.00     5.677E-17
 8660.50     5.705E-17
 8662.00     6.019E-17
 8663.50     5.819E-17
 8665.00     5.978E-17
 8666.50     6.066E-17
 8668.00     6.019E-17
 8669.50     5.782E-17
 8671.00     5.746E-17
 8672.50     5.757E-17
 8674.00     5.821E-17
 8675.50     5.719E-17
 8677.00     5.569E-17
 8678.50     5.445E-17
 8680.00     5.553E-17
 8681.50     5.775E-17
 8683.00     5.615E-17
 8684.50     5.668E-17
 8686.00     5.891E-17
 8687.50     5.873E-17
 8689.00     5.797E-17
 8690.50     5.895E-17
 8692.00     5.999E-17
 8693.50     5.888E-17
 8695.00     5.669E-17
 8696.50     5.672E-17
 8698.00     5.662E-17
 8699.50     5.897E-17
 8701.00     5.895E-17
 8702.50     5.829E-17
 8704.00     5.856E-17
 8705.50     5.906E-17
 8707.00     5.859E-17
 8708.50     5.790E-17
 8710.00     5.857E-17
 8711.50     6.050E-17
 8713.00     5.987E-17
 8714.50     5.955E-17
 8716.00     5.861E-17
 8717.50     5.956E-17
 8719.00     5.829E-17
 8720.50     5.891E-17
 8722.00     5.969E-17
 8723.50     6.000E-17
 8725.00     5.891E-17
 8726.50     5.811E-17
 8728.00     5.906E-17
 8729.50     5.900E-17
 8731.00     5.799E-17
 8732.50     5.810E-17
 8734.00     5.884E-17
 8735.50     5.832E-17
 8737.00     5.887E-17
 8738.50     6.006E-17
 8740.00     6.128E-17
 8741.50     6.046E-17
 8743.00     6.022E-17
 8744.50     5.935E-17
 8746.00     5.704E-17
 8747.50     5.758E-17
 8749.00     5.787E-17
 8750.50     5.809E-17
 8752.00     5.835E-17
 8753.50     5.931E-17
 8755.00     5.837E-17
 8756.50     5.793E-17
 8758.00     5.754E-17
 8759.50     5.915E-17
 8761.00     5.729E-17
 8762.50     5.904E-17
 8764.00     5.955E-17
 8765.50     5.877E-17
 8767.00     6.134E-17
 8768.50     6.031E-17
 8770.00     5.681E-17
 8771.50     5.756E-17
 8773.00     5.529E-17
 8774.50     5.775E-17
 8776.00     5.607E-17
 8777.50     5.501E-17
 8779.00     5.631E-17
 8780.50     5.765E-17
 8782.00     5.859E-17
 8783.50     5.792E-17
 8785.00     5.858E-17
 8786.50     5.600E-17
 8788.00     5.629E-17
 8789.50     5.654E-17
 8791.00     5.702E-17
 8792.50     5.698E-17
 8794.00     5.874E-17
 8795.50     5.780E-17
 8797.00     5.786E-17
 8798.50     5.830E-17
 8800.00     5.824E-17
 8801.50     5.991E-17
 8803.00     5.895E-17
 8804.50     5.733E-17
 8806.00     5.849E-17
 8807.50     5.841E-17
 8809.00     5.771E-17
 8810.50     5.906E-17
 8812.00     5.936E-17
 8813.50     5.960E-17
 8815.00     5.994E-17
 8816.50     5.998E-17
 8818.00     6.034E-17
 8819.50     5.862E-17
 8821.00     5.703E-17
 8822.50     5.740E-17
 8824.00     5.568E-17
 8825.50     6.032E-17
 8827.00     5.977E-17
 8828.50     5.727E-17
 8830.00     5.666E-17
 8831.50     5.897E-17
 8833.00     6.041E-17
 8834.50     6.065E-17
 8836.00     6.111E-17
 8837.50     6.106E-17
 8839.00     5.782E-17
 8840.50     5.768E-17
 8842.00     5.778E-17
 8843.50     5.829E-17
 8845.00     5.727E-17
 8846.50     6.015E-17
 8848.00     6.223E-17
 8849.50     6.141E-17
 8851.00     6.127E-17
 8852.50     5.977E-17
 8854.00     5.892E-17
 8855.50     6.016E-17
 8857.00     5.919E-17
 8858.50     5.895E-17
 8860.00     5.909E-17
 8861.50     5.878E-17
 8863.00     5.740E-17
 8864.50     5.745E-17
 8866.00     5.858E-17
 8867.50     5.657E-17
 8869.00     5.688E-17
 8870.50     5.863E-17
 8872.00     5.945E-17
 8873.50     5.763E-17
 8875.00     5.995E-17
 8876.50     6.046E-17
 8878.00     5.988E-17
 8879.50     5.654E-17
 8881.00     5.492E-17
 8882.50     5.627E-17
 8884.00     5.731E-17
 8885.50     5.607E-17
 8887.00     5.765E-17
 8888.50     5.620E-17
 8890.00     5.634E-17
 8891.50     5.895E-17
 8893.00     5.820E-17
 8894.50     5.455E-17
 8896.00     5.538E-17
 8897.50     5.682E-17
 8899.00     5.685E-17
 8900.50     5.756E-17
 8902.00     5.853E-17
 8903.50     5.794E-17
 8905.00     5.721E-17
 8906.50     5.768E-17
 8908.00     5.627E-17
 8909.50     5.497E-17
 8911.00     5.592E-17
 8912.50     5.649E-17
 8914.00     5.531E-17
 8915.50     5.428E-17
 8917.00     5.769E-17
 8918.50     5.796E-17
 8920.00     5.566E-17
 8921.50     5.691E-17
 8923.00     5.644E-17
 8924.50     5.743E-17
 8926.00     5.752E-17
 8927.50     5.698E-17
 8929.00     5.613E-17
 8930.50     5.702E-17
 8932.00     5.915E-17
 8933.50     5.713E-17
 8935.00     5.673E-17
 8936.50     5.649E-17
 8938.00     5.752E-17
 8939.50     5.940E-17
 8941.00     5.870E-17
 8942.50     5.899E-17
 8944.00     5.775E-17
 8945.50     5.692E-17
 8947.00     5.850E-17
 8948.50     5.696E-17
 8950.00     5.560E-17
 8951.50     5.555E-17
 8953.00     5.731E-17
 8954.50     5.674E-17
 8956.00     5.841E-17
 8957.50     5.681E-17
 8959.00     5.884E-17
 8960.50     5.717E-17
 8962.00     5.628E-17
 8963.50     5.494E-17
 8965.00     5.376E-17
 8966.50     5.418E-17
 8968.00     5.503E-17
 8969.50     5.700E-17
 8971.00     5.860E-17
 8972.50     5.633E-17
 8974.00     5.613E-17
 8975.50     5.598E-17
 8977.00     5.473E-17
 8978.50     5.583E-17
 8980.00     5.658E-17
 8981.50     5.635E-17
 8983.00     5.640E-17
 8984.50     5.712E-17
 8986.00     5.919E-17
 8987.50     6.015E-17
 8989.00     5.780E-17
 8990.50     5.634E-17
 8992.00     5.163E-17
 8993.50     5.029E-17
 8995.00     5.201E-17
 8996.50     5.053E-17
 8998.00     5.236E-17
 8999.50     5.575E-17
 9001.00     5.681E-17
 9002.50     5.508E-17
 9004.00     5.217E-17
 9005.50     5.295E-17
 9007.00     5.575E-17
 9008.50     5.520E-17
 9010.00     5.543E-17
 9011.50     5.447E-17
 9013.00     5.613E-17
 9014.50     5.582E-17
 9016.00     5.620E-17
 9017.50     5.660E-17
 9019.00     5.450E-17
 9020.50     5.301E-17
 9022.00     5.311E-17
 9023.50     5.426E-17
 9025.00     5.637E-17
 9026.50     5.440E-17
 9028.00     5.506E-17
 9029.50     5.466E-17
 9031.00     5.556E-17
 9032.50     5.706E-17
 9034.00     5.495E-17
 9035.50     5.388E-17
 9037.00     5.454E-17
 9038.50     5.374E-17
 9040.00     5.425E-17
 9041.50     5.434E-17
 9043.00     5.441E-17
 9044.50     5.492E-17
 9046.00     5.637E-17
 9047.50     5.518E-17
 9049.00     5.405E-17
 9050.50     5.420E-17
 9052.00     5.654E-17
 9053.50     5.698E-17
 9055.00     5.720E-17
 9056.50     5.698E-17
 9058.00     5.548E-17
 9059.50     5.594E-17
 9061.00     5.663E-17
 9062.50     5.628E-17
 9064.00     5.543E-17
 9065.50     5.520E-17
 9067.00     5.480E-17
 9068.50     5.506E-17
 9070.00     5.590E-17
 9071.50     5.466E-17
 9073.00     5.275E-17
 9074.50     5.221E-17
 9076.00     5.291E-17
 9077.50     5.283E-17
 9079.00     5.143E-17
 9080.50     5.273E-17
 9082.00     5.238E-17
 9083.50     5.183E-17
 9085.00     5.175E-17
 9086.50     5.188E-17
 9088.00     5.292E-17
 9089.50     5.355E-17
 9091.00     5.225E-17
 9092.50     5.130E-17
 9094.00     5.224E-17
 9095.50     5.466E-17
 9097.00     5.326E-17
 9098.50     5.219E-17
 9100.00     5.303E-17
 9101.50     5.413E-17
 9103.00     5.134E-17
 9104.50     5.274E-17
 9106.00     5.306E-17
 9107.50     5.426E-17
 9109.00     5.312E-17
 9110.50     5.436E-17
 9112.00     5.586E-17
 9113.50     5.543E-17
 9115.00     5.368E-17
 9116.50     5.349E-17
 9118.00     5.645E-17
 9119.50     5.559E-17
 9121.00     5.526E-17
 9122.50     5.417E-17
 9124.00     5.370E-17
 9125.50     5.628E-17
 9127.00     5.547E-17
 9128.50     5.646E-17
 9130.00     5.524E-17
 9131.50     5.386E-17
 9133.00     5.297E-17
 9134.50     5.026E-17
 9136.00     4.929E-17
 9137.50     5.068E-17
 9139.00     5.046E-17
 9140.50     5.032E-17
 9142.00     5.071E-17
 9143.50     5.446E-17
 9145.00     5.655E-17
 9146.50     5.653E-17
 9148.00     5.703E-17
 9149.50     5.571E-17
 9151.00     5.537E-17
 9152.50     5.440E-17
 9154.00     5.183E-17
 9155.50     5.235E-17
 9157.00     4.945E-17
 9158.50     4.648E-17
 9160.00     4.701E-17
 9161.50     5.125E-17
 9163.00     5.198E-17
 9164.50     5.231E-17
 9166.00     5.460E-17
 9167.50     5.607E-17
 9169.00     5.365E-17
 9170.50     5.168E-17
 9172.00     5.209E-17
 9173.50     5.266E-17
 9175.00     5.506E-17
 9176.50     5.371E-17
 9178.00     5.138E-17
 9179.50     5.175E-17
 9181.00     5.372E-17
 9182.50     5.724E-17
 9184.00     5.687E-17
 9185.50     5.550E-17
 9187.00     5.373E-17
 9188.50     5.353E-17
 9190.00     5.237E-17
 9191.50     5.290E-17
 9193.00     5.341E-17
 9194.50     5.615E-17
 9196.00     5.410E-17
 9197.50     5.400E-17
 9199.00     5.412E-17
 9200.50     5.250E-17
 9202.00     5.408E-17
 9203.50     5.681E-17
 9205.00     5.555E-17
 9206.50     5.599E-17
 9208.00     5.767E-17
 9209.50     5.630E-17
 9211.00     5.549E-17
 9212.50     5.400E-17
 9214.00     5.498E-17
 9215.50     5.518E-17
 9217.00     5.383E-17
 9218.50     5.310E-17
 9220.00     5.495E-17
 9221.50     5.544E-17
 9223.00     5.367E-17
 9224.50     5.438E-17
 9226.00     5.422E-17
 9227.50     5.385E-17
 9229.00     5.454E-17
 9230.50     5.545E-17
 9232.00     5.531E-17
 9233.50     5.733E-17
 9235.00     5.768E-17
 9236.50     5.660E-17
 9238.00     5.462E-17
 9239.50     5.409E-17
 9241.00     5.380E-17
 9242.50     5.615E-17
 9244.00     5.643E-17
 9245.50     5.611E-17
 9247.00     5.580E-17
 9248.50     5.590E-17
 9250.00     5.526E-17
 9251.50     5.557E-17
 9253.00     5.390E-17
 9254.50     5.419E-17
 9256.00     5.500E-17
 9257.50     5.534E-17
 9259.00     5.506E-17
 9260.50     5.522E-17
 9262.00     5.369E-17
 9263.50     5.466E-17
 9265.00     5.618E-17
 9266.50     5.184E-17
 9268.00     5.369E-17
 9269.50     5.487E-17
 9271.00     5.354E-17
 9272.50     5.461E-17
 9274.00     5.569E-17
 9275.50     5.566E-17
 9277.00     5.582E-17
 9278.50     5.592E-17
 9280.00     5.435E-17
 9281.50     5.282E-17
 9283.00     5.199E-17
 9284.50     5.233E-17
 9286.00     5.221E-17
 9287.50     5.331E-17
 9289.00     5.093E-17
 9290.50     5.093E-17
 9292.00     5.272E-17
 9293.50     5.471E-17
 9295.00     5.557E-17
 9296.50     5.545E-17
 9298.00     5.351E-17
 9299.50     5.431E-17
 9301.00     5.094E-17
 9302.50     4.703E-17
 9304.00     4.828E-17
 9305.50     5.629E-17
 9307.00     5.460E-17
 9308.50     5.093E-17
 9310.00     5.228E-17
 9311.50     5.568E-17
 9313.00     5.599E-17
 9314.50     5.445E-17
 9316.00     5.324E-17
 9317.50     5.190E-17
 9319.00     4.908E-17
 9320.50     4.421E-17
 9322.00     4.324E-17
 9323.50     4.646E-17
 9325.00     4.647E-17
 9326.50     4.550E-17
 9328.00     4.274E-17
 9329.50     4.154E-17
 9331.00     4.418E-17
 9332.50     4.833E-17
 9334.00     5.305E-17
 9335.50     5.256E-17
 9337.00     5.341E-17
 9338.50     5.106E-17
 9340.00     4.844E-17
 9341.50     4.976E-17
 9343.00     4.714E-17
 9344.50     4.531E-17
 9346.00     4.180E-17
 9347.50     3.673E-17
 9349.00     3.776E-17
 9350.50     4.179E-17
 9352.00     4.908E-17
 9353.50     5.382E-17
 9355.00     5.635E-17
 9356.50     5.395E-17
 9358.00     5.140E-17
 9359.50     4.793E-17
 9361.00     4.723E-17
 9362.50     4.710E-17
 9364.00     5.083E-17
 9365.50     5.717E-17
 9367.00     5.559E-17
 9368.50     5.695E-17
 9370.00     5.124E-17
 9371.50     4.314E-17
 9373.00     4.056E-17
 9374.50     4.554E-17
 9376.00     4.898E-17
 9377.50     5.053E-17
 9379.00     4.903E-17
 9380.50     4.787E-17
 9382.00     4.737E-17
 9383.50     4.626E-17
 9385.00     4.628E-17
 9386.50     4.212E-17
 9388.00     4.102E-17
 9389.50     3.946E-17
 9391.00     4.285E-17
 9392.50     4.826E-17
 9394.00     5.182E-17
 9395.50     5.278E-17
 9397.00     5.145E-17
 9398.50     5.100E-17
 9400.00     5.184E-17
 9401.50     5.024E-17
 9403.00     4.996E-17
 9404.50     5.244E-17
 9406.00     5.440E-17
 9407.50     5.448E-17
 9409.00     5.438E-17
 9410.50     5.287E-17
 9412.00     5.437E-17
 9413.50     4.663E-17
 9415.00     4.384E-17
 9416.50     4.592E-17
 9418.00     5.158E-17
 9419.50     5.249E-17
 9421.00     5.088E-17
 9422.50     4.909E-17
 9424.00     5.076E-17
 9425.50     4.974E-17
 9427.00     5.326E-17
 9428.50     5.041E-17
 9430.00     4.887E-17
 9431.50     4.493E-17
 9433.00     4.231E-17
 9434.50     4.232E-17
 9436.00     4.684E-17
 9437.50     5.404E-17
 9439.00     5.895E-17
 9440.50     5.737E-17
 9442.00     4.762E-17
 9443.50     3.907E-17
 9445.00     4.124E-17
 9446.50     4.119E-17
 9448.00     4.235E-17
 9449.50     4.435E-17
 9451.00     4.475E-17
 9452.50     5.035E-17
 9454.00     5.161E-17
 9455.50     5.140E-17
 9457.00     5.358E-17
 9458.50     5.558E-17
 9460.00     5.530E-17
 9461.50     4.949E-17
 9463.00     4.333E-17
 9464.50     4.322E-17
 9466.00     4.445E-17
 9467.50     4.688E-17
 9469.00     4.644E-17
 9470.50     4.764E-17
 9472.00     4.377E-17
 9473.50     4.524E-17
 9475.00     4.887E-17
 9476.50     4.907E-17
 9478.00     5.138E-17
 9479.50     5.770E-17
 9481.00     4.939E-17
 9482.50     4.556E-17
 9484.00     4.660E-17
 9485.50     4.231E-17
 9487.00     4.587E-17
 9488.50     4.556E-17
 9490.00     4.744E-17
 9491.50     5.131E-17
 9493.00     5.485E-17
 9494.50     5.779E-17
 9496.00     5.449E-17
 9497.50     5.273E-17
 9499.00     5.230E-17
 9500.50     5.455E-17
 9502.00     5.041E-17
 9503.50     4.839E-17
 9505.00     4.530E-17
 9506.50     4.604E-17
 9508.00     5.033E-17
 9509.50     4.926E-17
 9511.00     5.078E-17
 9512.50     5.193E-17
 9514.00     5.433E-17
 9515.50     5.718E-17
 9517.00     5.815E-17
 9518.50     5.961E-17
 9520.00     5.850E-17
 9521.50     5.468E-17
 9523.00     5.291E-17
 9524.50     5.197E-17
 9526.00     5.218E-17
 9527.50     5.087E-17
 9529.00     5.173E-17
 9530.50     5.594E-17
 9532.00     5.468E-17
 9533.50     5.458E-17
 9535.00     5.410E-17
 9536.50     5.323E-17
 9538.00     5.495E-17
 9539.50     5.510E-17
 9541.00     5.357E-17
 9542.50     5.206E-17
 9544.00     5.313E-17
 9545.50     5.309E-17
 9547.00     4.921E-17
 9548.50     4.708E-17
 9550.00     5.042E-17
 9551.50     5.419E-17
 9553.00     5.531E-17
 9554.50     5.899E-17
 9556.00     5.921E-17
 9557.50     5.599E-17
 9559.00     5.341E-17
 9560.50     5.255E-17
 9562.00     5.500E-17
 9563.50     5.780E-17
 9565.00     5.908E-17
 9566.50     5.760E-17
 9568.00     5.992E-17
 9569.50     5.717E-17
 9571.00     5.611E-17
 9572.50     5.376E-17
 9574.00     5.163E-17
 9575.50     5.453E-17
 9577.00     5.773E-17
 9578.50     5.835E-17
 9580.00     5.800E-17
 9581.50     5.835E-17
 9583.00     5.430E-17
 9584.50     5.363E-17
 9586.00     5.345E-17
 9587.50     5.526E-17
 9589.00     5.755E-17
 9590.50     5.684E-17
 9592.00     5.329E-17
 9593.50     4.807E-17
 9595.00     4.508E-17
 9596.50     4.630E-17
 9598.00     4.939E-17
 9599.50     4.932E-17
