 Airmass: 1, R-Band Flux: 8.91E-17                                               
 # start                                                                         
 3400.00     0.000E+00
 3401.50     1.132E-16
 3403.00     9.594E-17
 3404.50     1.017E-16
 3406.00     1.165E-16
 3407.50     1.132E-16
 3409.00     7.841E-17
 3410.50     5.851E-17
 3412.00     4.965E-17
 3413.50     6.950E-17
 3415.00     8.758E-17
 3416.50     9.137E-17
 3418.00     9.306E-17
 3419.50     1.068E-16
 3421.00     1.005E-16
 3422.50     1.185E-16
 3424.00     1.224E-16
 3425.50     1.288E-16
 3427.00     1.171E-16
 3428.50     1.229E-16
 3430.00     1.059E-16
 3431.50     1.084E-16
 3433.00     8.480E-17
 3434.50     7.999E-17
 3436.00     6.495E-17
 3437.50     7.961E-17
 3439.00     9.048E-17
 3440.50     1.307E-16
 3442.00     1.443E-16
 3443.50     1.457E-16
 3445.00     1.431E-16
 3446.50     1.301E-16
 3448.00     1.363E-16
 3449.50     1.334E-16
 3451.00     1.249E-16
 3452.50     1.140E-16
 3454.00     1.320E-16
 3455.50     1.389E-16
 3457.00     1.548E-16
 3458.50     1.376E-16
 3460.00     1.228E-16
 3461.50     1.245E-16
 3463.00     1.330E-16
 3464.50     1.280E-16
 3466.00     1.432E-16
 3467.50     1.324E-16
 3469.00     1.200E-16
 3470.50     1.260E-16
 3472.00     1.314E-16
 3473.50     1.408E-16
 3475.00     1.160E-16
 3476.50     1.183E-16
 3478.00     1.268E-16
 3479.50     1.196E-16
 3481.00     1.081E-16
 3482.50     1.362E-16
 3484.00     1.428E-16
 3485.50     1.547E-16
 3487.00     1.476E-16
 3488.50     1.252E-16
 3490.00     1.235E-16
 3491.50     1.205E-16
 3493.00     1.162E-16
 3494.50     1.024E-16
 3496.00     9.507E-17
 3497.50     1.001E-16
 3499.00     1.001E-16
 3500.50     1.293E-16
 3502.00     1.434E-16
 3503.50     1.631E-16
 3505.00     1.436E-16
 3506.50     1.314E-16
 3508.00     1.007E-16
 3509.50     8.190E-17
 3511.00     1.148E-16
 3512.50     1.595E-16
 3514.00     1.602E-16
 3515.50     1.361E-16
 3517.00     1.180E-16
 3518.50     1.317E-16
 3520.00     1.693E-16
 3521.50     1.716E-16
 3523.00     1.471E-16
 3524.50     1.272E-16
 3526.00     1.070E-16
 3527.50     1.136E-16
 3529.00     1.522E-16
 3530.50     1.760E-16
 3532.00     1.947E-16
 3533.50     2.162E-16
 3535.00     2.200E-16
 3536.50     2.203E-16
 3538.00     1.888E-16
 3539.50     1.927E-16
 3541.00     1.845E-16
 3542.50     1.953E-16
 3544.00     2.132E-16
 3545.50     2.421E-16
 3547.00     2.416E-16
 3548.50     2.430E-16
 3550.00     2.591E-16
 3551.50     2.617E-16
 3553.00     2.704E-16
 3554.50     2.429E-16
 3556.00     2.441E-16
 3557.50     2.235E-16
 3559.00     2.093E-16
 3560.50     2.336E-16
 3562.00     2.660E-16
 3563.50     2.787E-16
 3565.00     2.777E-16
 3566.50     2.897E-16
 3568.00     2.729E-16
 3569.50     2.349E-16
 3571.00     2.023E-16
 3572.50     2.246E-16
 3574.00     2.598E-16
 3575.50     2.965E-16
 3577.00     2.970E-16
 3578.50     2.967E-16
 3580.00     2.950E-16
 3581.50     2.861E-16
 3583.00     2.509E-16
 3584.50     2.099E-16
 3586.00     1.516E-16
 3587.50     1.517E-16
 3589.00     1.946E-16
 3590.50     2.281E-16
 3592.00     2.499E-16
 3593.50     2.365E-16
 3595.00     2.293E-16
 3596.50     2.388E-16
 3598.00     2.321E-16
 3599.50     2.357E-16
 3601.00     2.398E-16
 3602.50     2.243E-16
 3604.00     2.175E-16
 3605.50     2.309E-16
 3607.00     2.257E-16
 3608.50     2.232E-16
 3610.00     2.235E-16
 3611.50     2.257E-16
 3613.00     2.170E-16
 3614.50     2.108E-16
 3616.00     2.130E-16
 3617.50     2.177E-16
 3619.00     2.168E-16
 3620.50     2.242E-16
 3622.00     2.191E-16
 3623.50     2.143E-16
 3625.00     2.159E-16
 3626.50     2.081E-16
 3628.00     2.167E-16
 3629.50     2.137E-16
 3631.00     2.080E-16
 3632.50     2.103E-16
 3634.00     1.991E-16
 3635.50     1.921E-16
 3637.00     1.759E-16
 3638.50     1.853E-16
 3640.00     1.830E-16
 3641.50     1.962E-16
 3643.00     1.969E-16
 3644.50     1.931E-16
 3646.00     2.041E-16
 3647.50     1.842E-16
 3649.00     1.669E-16
 3650.50     1.357E-16
 3652.00     1.137E-16
 3653.50     1.149E-16
 3655.00     1.402E-16
 3656.50     1.717E-16
 3658.00     1.838E-16
 3659.50     1.763E-16
 3661.00     1.708E-16
 3662.50     1.432E-16
 3664.00     1.145E-16
 3665.50     1.236E-16
 3667.00     1.591E-16
 3668.50     1.623E-16
 3670.00     1.597E-16
 3671.50     1.646E-16
 3673.00     1.566E-16
 3674.50     1.654E-16
 3676.00     1.563E-16
 3677.50     1.582E-16
 3679.00     1.519E-16
 3680.50     1.499E-16
 3682.00     1.628E-16
 3683.50     1.604E-16
 3685.00     1.653E-16
 3686.50     1.625E-16
 3688.00     1.556E-16
 3689.50     1.577E-16
 3691.00     1.513E-16
 3692.50     1.412E-16
 3694.00     1.468E-16
 3695.50     1.523E-16
 3697.00     1.556E-16
 3698.50     1.475E-16
 3700.00     1.526E-16
 3701.50     1.493E-16
 3703.00     1.446E-16
 3704.50     1.443E-16
 3706.00     1.547E-16
 3707.50     1.457E-16
 3709.00     1.460E-16
 3710.50     1.421E-16
 3712.00     1.405E-16
 3713.50     1.436E-16
 3715.00     1.411E-16
 3716.50     1.441E-16
 3718.00     1.378E-16
 3719.50     1.368E-16
 3721.00     1.373E-16
 3722.50     1.278E-16
 3724.00     1.291E-16
 3725.50     1.333E-16
 3727.00     1.347E-16
 3728.50     1.221E-16
 3730.00     1.304E-16
 3731.50     1.247E-16
 3733.00     1.265E-16
 3734.50     1.236E-16
 3736.00     1.232E-16
 3737.50     1.278E-16
 3739.00     1.301E-16
 3740.50     1.312E-16
 3742.00     1.196E-16
 3743.50     1.263E-16
 3745.00     1.272E-16
 3746.50     1.232E-16
 3748.00     1.140E-16
 3749.50     1.113E-16
 3751.00     1.061E-16
 3752.50     1.156E-16
 3754.00     1.183E-16
 3755.50     1.192E-16
 3757.00     1.235E-16
 3758.50     1.212E-16
 3760.00     1.150E-16
 3761.50     8.275E-17
 3763.00     8.162E-17
 3764.50     9.748E-17
 3766.00     1.064E-16
 3767.50     1.049E-16
 3769.00     1.113E-16
 3770.50     1.160E-16
 3772.00     1.137E-16
 3773.50     1.113E-16
 3775.00     1.104E-16
 3776.50     1.083E-16
 3778.00     1.054E-16
 3779.50     1.113E-16
 3781.00     1.144E-16
 3782.50     1.071E-16
 3784.00     1.135E-16
 3785.50     1.104E-16
 3787.00     1.083E-16
 3788.50     1.112E-16
 3790.00     1.136E-16
 3791.50     1.097E-16
 3793.00     1.143E-16
 3794.50     1.163E-16
 3796.00     1.189E-16
 3797.50     1.125E-16
 3799.00     1.124E-16
 3800.50     1.199E-16
 3802.00     1.151E-16
 3803.50     1.141E-16
 3805.00     1.015E-16
 3806.50     1.045E-16
 3808.00     9.514E-17
 3809.50     1.009E-16
 3811.00     1.081E-16
 3812.50     1.061E-16
 3814.00     1.014E-16
 3815.50     1.009E-16
 3817.00     9.986E-17
 3818.50     8.888E-17
 3820.00     8.644E-17
 3821.50     9.965E-17
 3823.00     1.017E-16
 3824.50     9.265E-17
 3826.00     8.924E-17
 3827.50     9.727E-17
 3829.00     1.101E-16
 3830.50     1.184E-16
 3832.00     1.171E-16
 3833.50     1.180E-16
 3835.00     1.142E-16
 3836.50     1.148E-16
 3838.00     1.157E-16
 3839.50     1.134E-16
 3841.00     1.152E-16
 3842.50     1.142E-16
 3844.00     1.205E-16
 3845.50     1.129E-16
 3847.00     1.058E-16
 3848.50     1.084E-16
 3850.00     1.128E-16
 3851.50     1.144E-16
 3853.00     1.084E-16
 3854.50     1.062E-16
 3856.00     1.014E-16
 3857.50     1.045E-16
 3859.00     1.096E-16
 3860.50     1.045E-16
 3862.00     1.099E-16
 3863.50     1.095E-16
 3865.00     1.054E-16
 3866.50     1.065E-16
 3868.00     1.055E-16
 3869.50     1.059E-16
 3871.00     1.056E-16
 3872.50     1.022E-16
 3874.00     1.046E-16
 3875.50     1.080E-16
 3877.00     1.055E-16
 3878.50     1.101E-16
 3880.00     1.111E-16
 3881.50     1.134E-16
 3883.00     1.111E-16
 3884.50     1.116E-16
 3886.00     1.078E-16
 3887.50     1.096E-16
 3889.00     1.159E-16
 3890.50     1.142E-16
 3892.00     1.109E-16
 3893.50     1.087E-16
 3895.00     1.095E-16
 3896.50     1.114E-16
 3898.00     1.116E-16
 3899.50     1.136E-16
 3901.00     1.114E-16
 3902.50     1.131E-16
 3904.00     1.175E-16
 3905.50     1.116E-16
 3907.00     1.066E-16
 3908.50     1.073E-16
 3910.00     1.107E-16
 3911.50     1.140E-16
 3913.00     1.070E-16
 3914.50     9.878E-17
 3916.00     8.985E-17
 3917.50     9.570E-17
 3919.00     1.047E-16
 3920.50     1.066E-16
 3922.00     9.917E-17
 3923.50     9.860E-17
 3925.00     8.428E-17
 3926.50     7.889E-17
 3928.00     8.863E-17
 3929.50     1.036E-16
 3931.00     1.075E-16
 3932.50     1.025E-16
 3934.00     1.001E-16
 3935.50     9.790E-17
 3937.00     1.031E-16
 3938.50     1.013E-16
 3940.00     9.716E-17
 3941.50     9.609E-17
 3943.00     9.994E-17
 3944.50     1.017E-16
 3946.00     1.003E-16
 3947.50     1.039E-16
 3949.00     1.063E-16
 3950.50     9.047E-17
 3952.00     9.358E-17
 3953.50     1.103E-16
 3955.00     1.083E-16
 3956.50     1.177E-16
 3958.00     1.114E-16
 3959.50     1.118E-16
 3961.00     1.143E-16
 3962.50     1.111E-16
 3964.00     1.099E-16
 3965.50     1.114E-16
 3967.00     1.118E-16
 3968.50     1.187E-16
 3970.00     1.155E-16
 3971.50     1.161E-16
 3973.00     1.120E-16
 3974.50     1.117E-16
 3976.00     1.124E-16
 3977.50     1.136E-16
 3979.00     1.113E-16
 3980.50     1.094E-16
 3982.00     1.088E-16
 3983.50     1.097E-16
 3985.00     1.078E-16
 3986.50     1.101E-16
 3988.00     1.063E-16
 3989.50     1.085E-16
 3991.00     1.088E-16
 3992.50     1.055E-16
 3994.00     1.058E-16
 3995.50     1.045E-16
 3997.00     1.075E-16
 3998.50     1.026E-16
 4000.00     1.033E-16
 4001.50     1.043E-16
 4003.00     1.040E-16
 4004.50     1.057E-16
 4006.00     1.038E-16
 4007.50     1.027E-16
 4009.00     1.073E-16
 4010.50     1.044E-16
 4012.00     1.079E-16
 4013.50     1.098E-16
 4015.00     1.066E-16
 4016.50     1.020E-16
 4018.00     1.021E-16
 4019.50     9.959E-17
 4021.00     9.366E-17
 4022.50     9.933E-17
 4024.00     1.068E-16
 4025.50     1.045E-16
 4027.00     1.030E-16
 4028.50     9.445E-17
 4030.00     9.577E-17
 4031.50     9.930E-17
 4033.00     9.948E-17
 4034.50     1.050E-16
 4036.00     1.019E-16
 4037.50     1.053E-16
 4039.00     1.066E-16
 4040.50     9.973E-17
 4042.00     1.062E-16
 4043.50     1.066E-16
 4045.00     9.869E-17
 4046.50     9.875E-17
 4048.00     1.000E-16
 4049.50     1.026E-16
 4051.00     9.929E-17
 4052.50     1.041E-16
 4054.00     1.057E-16
 4055.50     1.030E-16
 4057.00     1.052E-16
 4058.50     1.086E-16
 4060.00     1.113E-16
 4061.50     1.100E-16
 4063.00     1.100E-16
 4064.50     1.084E-16
 4066.00     1.133E-16
 4067.50     1.137E-16
 4069.00     1.159E-16
 4070.50     1.166E-16
 4072.00     1.194E-16
 4073.50     1.196E-16
 4075.00     1.183E-16
 4076.50     1.215E-16
 4078.00     1.245E-16
 4079.50     1.225E-16
 4081.00     1.292E-16
 4082.50     1.361E-16
 4084.00     1.324E-16
 4085.50     1.386E-16
 4087.00     1.353E-16
 4088.50     1.339E-16
 4090.00     1.380E-16
 4091.50     1.370E-16
 4093.00     1.345E-16
 4094.50     1.355E-16
 4096.00     1.399E-16
 4097.50     1.362E-16
 4099.00     1.241E-16
 4100.50     1.259E-16
 4102.00     1.231E-16
 4103.50     1.322E-16
 4105.00     1.280E-16
 4106.50     1.324E-16
 4108.00     1.321E-16
 4109.50     1.289E-16
 4111.00     1.307E-16
 4112.50     1.317E-16
 4114.00     1.262E-16
 4115.50     1.203E-16
 4117.00     1.150E-16
 4118.50     1.206E-16
 4120.00     1.196E-16
 4121.50     1.213E-16
 4123.00     1.201E-16
 4124.50     1.141E-16
 4126.00     1.065E-16
 4127.50     1.058E-16
 4129.00     1.112E-16
 4130.50     1.107E-16
 4132.00     1.156E-16
 4133.50     1.129E-16
 4135.00     1.152E-16
 4136.50     1.124E-16
 4138.00     1.135E-16
 4139.50     1.131E-16
 4141.00     1.104E-16
 4142.50     1.107E-16
 4144.00     1.100E-16
 4145.50     1.116E-16
 4147.00     1.101E-16
 4148.50     1.088E-16
 4150.00     1.073E-16
 4151.50     1.107E-16
 4153.00     1.120E-16
 4154.50     1.090E-16
 4156.00     1.111E-16
 4157.50     1.064E-16
 4159.00     1.100E-16
 4160.50     1.110E-16
 4162.00     1.081E-16
 4163.50     1.068E-16
 4165.00     1.113E-16
 4166.50     1.081E-16
 4168.00     1.026E-16
 4169.50     1.057E-16
 4171.00     1.093E-16
 4172.50     1.049E-16
 4174.00     1.066E-16
 4175.50     1.066E-16
 4177.00     1.103E-16
 4178.50     1.120E-16
 4180.00     1.087E-16
 4181.50     1.056E-16
 4183.00     1.065E-16
 4184.50     1.031E-16
 4186.00     1.051E-16
 4187.50     1.088E-16
 4189.00     1.078E-16
 4190.50     1.045E-16
 4192.00     1.034E-16
 4193.50     1.047E-16
 4195.00     1.083E-16
 4196.50     1.048E-16
 4198.00     1.043E-16
 4199.50     1.036E-16
 4201.00     1.042E-16
 4202.50     1.069E-16
 4204.00     1.053E-16
 4205.50     1.056E-16
 4207.00     1.042E-16
 4208.50     1.030E-16
 4210.00     1.044E-16
 4211.50     1.060E-16
 4213.00     1.050E-16
 4214.50     1.049E-16
 4216.00     1.002E-16
 4217.50     1.041E-16
 4219.00     1.046E-16
 4220.50     1.051E-16
 4222.00     1.051E-16
 4223.50     1.039E-16
 4225.00     1.018E-16
 4226.50     1.010E-16
 4228.00     1.044E-16
 4229.50     1.058E-16
 4231.00     1.046E-16
 4232.50     1.022E-16
 4234.00     1.011E-16
 4235.50     1.017E-16
 4237.00     1.057E-16
 4238.50     1.011E-16
 4240.00     1.010E-16
 4241.50     1.035E-16
 4243.00     1.005E-16
 4244.50     1.002E-16
 4246.00     9.989E-17
 4247.50     1.004E-16
 4249.00     9.734E-17
 4250.50     9.743E-17
 4252.00     9.760E-17
 4253.50     1.000E-16
 4255.00     1.027E-16
 4256.50     9.724E-17
 4258.00     9.811E-17
 4259.50     1.011E-16
 4261.00     1.038E-16
 4262.50     1.003E-16
 4264.00     9.917E-17
 4265.50     9.754E-17
 4267.00     9.685E-17
 4268.50     9.861E-17
 4270.00     9.792E-17
 4271.50     9.858E-17
 4273.00     9.841E-17
 4274.50     9.665E-17
 4276.00     9.467E-17
 4277.50     9.689E-17
 4279.00     9.750E-17
 4280.50     9.254E-17
 4282.00     1.009E-16
 4283.50     9.829E-17
 4285.00     9.236E-17
 4286.50     9.221E-17
 4288.00     8.810E-17
 4289.50     8.698E-17
 4291.00     8.875E-17
 4292.50     9.053E-17
 4294.00     8.157E-17
 4295.50     8.375E-17
 4297.00     9.038E-17
 4298.50     9.646E-17
 4300.00     9.689E-17
 4301.50     9.551E-17
 4303.00     9.669E-17
 4304.50     9.754E-17
 4306.00     9.651E-17
 4307.50     9.829E-17
 4309.00     9.804E-17
 4310.50     9.624E-17
 4312.00     9.897E-17
 4313.50     9.937E-17
 4315.00     1.006E-16
 4316.50     1.034E-16
 4318.00     1.017E-16
 4319.50     1.055E-16
 4321.00     1.076E-16
 4322.50     1.135E-16
 4324.00     1.150E-16
 4325.50     1.160E-16
 4327.00     1.123E-16
 4328.50     1.182E-16
 4330.00     1.203E-16
 4331.50     1.153E-16
 4333.00     1.171E-16
 4334.50     1.184E-16
 4336.00     1.163E-16
 4337.50     1.118E-16
 4339.00     1.127E-16
 4340.50     1.101E-16
 4342.00     1.117E-16
 4343.50     1.107E-16
 4345.00     1.074E-16
 4346.50     9.793E-17
 4348.00     9.523E-17
 4349.50     8.499E-17
 4351.00     7.977E-17
 4352.50     7.324E-17
 4354.00     5.426E-17
 4355.50     5.031E-17
 4357.00     6.315E-17
 4358.50     7.531E-17
 4360.00     7.483E-17
 4361.50     6.223E-17
 4363.00     7.193E-17
 4364.50     8.667E-17
 4366.00     9.419E-17
 4367.50     9.466E-17
 4369.00     9.715E-17
 4370.50     9.974E-17
 4372.00     9.860E-17
 4373.50     1.006E-16
 4375.00     9.636E-17
 4376.50     9.653E-17
 4378.00     9.324E-17
 4379.50     9.604E-17
 4381.00     9.973E-17
 4382.50     1.021E-16
 4384.00     9.893E-17
 4385.50     9.726E-17
 4387.00     9.968E-17
 4388.50     1.029E-16
 4390.00     9.815E-17
 4391.50     9.646E-17
 4393.00     9.858E-17
 4394.50     9.895E-17
 4396.00     9.890E-17
 4397.50     1.022E-16
 4399.00     1.007E-16
 4400.50     1.014E-16
 4402.00     1.017E-16
 4403.50     1.025E-16
 4405.00     1.043E-16
 4406.50     9.995E-17
 4408.00     9.865E-17
 4409.50     1.045E-16
 4411.00     1.021E-16
 4412.50     1.029E-16
 4414.00     1.017E-16
 4415.50     1.005E-16
 4417.00     1.027E-16
 4418.50     1.022E-16
 4420.00     1.040E-16
 4421.50     1.016E-16
 4423.00     1.053E-16
 4424.50     1.039E-16
 4426.00     1.001E-16
 4427.50     1.013E-16
 4429.00     1.034E-16
 4430.50     1.038E-16
 4432.00     1.049E-16
 4433.50     1.033E-16
 4435.00     1.059E-16
 4436.50     1.022E-16
 4438.00     1.062E-16
 4439.50     1.051E-16
 4441.00     1.065E-16
 4442.50     1.086E-16
 4444.00     1.091E-16
 4445.50     1.061E-16
 4447.00     1.087E-16
 4448.50     1.089E-16
 4450.00     1.106E-16
 4451.50     1.082E-16
 4453.00     1.127E-16
 4454.50     1.113E-16
 4456.00     1.100E-16
 4457.50     1.055E-16
 4459.00     1.010E-16
 4460.50     9.597E-17
 4462.00     1.010E-16
 4463.50     1.069E-16
 4465.00     1.021E-16
 4466.50     9.858E-17
 4468.00     9.316E-17
 4469.50     7.994E-17
 4471.00     8.424E-17
 4472.50     9.644E-17
 4474.00     1.028E-16
 4475.50     1.072E-16
 4477.00     9.657E-17
 4478.50     9.972E-17
 4480.00     1.143E-16
 4481.50     1.247E-16
 4483.00     1.284E-16
 4484.50     1.327E-16
 4486.00     1.313E-16
 4487.50     1.305E-16
 4489.00     1.320E-16
 4490.50     1.354E-16
 4492.00     1.337E-16
 4493.50     1.377E-16
 4495.00     1.369E-16
 4496.50     1.377E-16
 4498.00     1.337E-16
 4499.50     1.384E-16
 4501.00     1.434E-16
 4502.50     1.427E-16
 4504.00     1.439E-16
 4505.50     1.435E-16
 4507.00     1.410E-16
 4508.50     1.433E-16
 4510.00     1.500E-16
 4511.50     1.481E-16
 4513.00     1.483E-16
 4514.50     1.468E-16
 4516.00     1.544E-16
 4517.50     1.542E-16
 4519.00     1.506E-16
 4520.50     1.535E-16
 4522.00     1.509E-16
 4523.50     1.529E-16
 4525.00     1.625E-16
 4526.50     1.645E-16
 4528.00     1.612E-16
 4529.50     1.600E-16
 4531.00     1.679E-16
 4532.50     1.654E-16
 4534.00     1.629E-16
 4535.50     1.681E-16
 4537.00     1.656E-16
 4538.50     1.696E-16
 4540.00     1.687E-16
 4541.50     1.589E-16
 4543.00     1.548E-16
 4544.50     1.302E-16
 4546.00     1.113E-16
 4547.50     7.655E-17
 4549.00     5.700E-17
 4550.50     6.292E-17
 4552.00     8.168E-17
 4553.50     9.354E-17
 4555.00     7.417E-17
 4556.50     6.368E-17
 4558.00     7.695E-17
 4559.50     1.120E-16
 4561.00     1.394E-16
 4562.50     1.408E-16
 4564.00     1.398E-16
 4565.50     1.453E-16
 4567.00     1.455E-16
 4568.50     1.471E-16
 4570.00     1.442E-16
 4571.50     1.447E-16
 4573.00     1.415E-16
 4574.50     1.412E-16
 4576.00     1.398E-16
 4577.50     1.380E-16
 4579.00     1.392E-16
 4580.50     1.422E-16
 4582.00     1.378E-16
 4583.50     1.356E-16
 4585.00     1.345E-16
 4586.50     1.384E-16
 4588.00     1.358E-16
 4589.50     1.336E-16
 4591.00     1.324E-16
 4592.50     1.305E-16
 4594.00     1.294E-16
 4595.50     1.300E-16
 4597.00     1.292E-16
 4598.50     1.302E-16
 4600.00     1.311E-16
 4601.50     1.299E-16
 4603.00     1.309E-16
 4604.50     1.279E-16
 4606.00     1.307E-16
 4607.50     1.284E-16
 4609.00     1.246E-16
 4610.50     1.274E-16
 4612.00     1.265E-16
 4613.50     1.272E-16
 4615.00     1.232E-16
 4616.50     1.217E-16
 4618.00     1.244E-16
 4619.50     1.250E-16
 4621.00     1.245E-16
 4622.50     1.229E-16
 4624.00     1.220E-16
 4625.50     1.241E-16
 4627.00     1.213E-16
 4628.50     1.205E-16
 4630.00     1.230E-16
 4631.50     1.214E-16
 4633.00     1.200E-16
 4634.50     1.173E-16
 4636.00     1.207E-16
 4637.50     1.198E-16
 4639.00     1.150E-16
 4640.50     1.192E-16
 4642.00     1.183E-16
 4643.50     1.201E-16
 4645.00     1.187E-16
 4646.50     1.200E-16
 4648.00     1.185E-16
 4649.50     1.153E-16
 4651.00     1.198E-16
 4652.50     1.166E-16
 4654.00     1.162E-16
 4655.50     1.152E-16
 4657.00     1.139E-16
 4658.50     1.142E-16
 4660.00     1.121E-16
 4661.50     1.124E-16
 4663.00     1.094E-16
 4664.50     1.120E-16
 4666.00     1.123E-16
 4667.50     1.127E-16
 4669.00     1.078E-16
 4670.50     1.124E-16
 4672.00     1.114E-16
 4673.50     1.125E-16
 4675.00     1.108E-16
 4676.50     1.107E-16
 4678.00     1.046E-16
 4679.50     1.131E-16
 4681.00     1.119E-16
 4682.50     1.127E-16
 4684.00     1.135E-16
 4685.50     1.095E-16
 4687.00     1.116E-16
 4688.50     1.090E-16
 4690.00     1.076E-16
 4691.50     1.065E-16
 4693.00     9.976E-17
 4694.50     8.629E-17
 4696.00     8.026E-17
 4697.50     8.768E-17
 4699.00     1.004E-16
 4700.50     1.046E-16
 4702.00     1.078E-16
 4703.50     1.084E-16
 4705.00     1.118E-16
 4706.50     1.079E-16
 4708.00     1.083E-16
 4709.50     1.070E-16
 4711.00     1.095E-16
 4712.50     1.069E-16
 4714.00     1.062E-16
 4715.50     1.077E-16
 4717.00     1.066E-16
 4718.50     1.065E-16
 4720.00     1.066E-16
 4721.50     1.066E-16
 4723.00     1.039E-16
 4724.50     1.056E-16
 4726.00     1.059E-16
 4727.50     1.051E-16
 4729.00     1.072E-16
 4730.50     1.109E-16
 4732.00     1.083E-16
 4733.50     1.067E-16
 4735.00     1.062E-16
 4736.50     1.081E-16
 4738.00     1.049E-16
 4739.50     1.064E-16
 4741.00     1.079E-16
 4742.50     1.030E-16
 4744.00     1.066E-16
 4745.50     1.057E-16
 4747.00     1.085E-16
 4748.50     1.073E-16
 4750.00     1.069E-16
 4751.50     1.077E-16
 4753.00     1.071E-16
 4754.50     1.034E-16
 4756.00     1.054E-16
 4757.50     1.082E-16
 4759.00     1.055E-16
 4760.50     1.063E-16
 4762.00     1.017E-16
 4763.50     1.033E-16
 4765.00     1.054E-16
 4766.50     1.072E-16
 4768.00     1.081E-16
 4769.50     1.035E-16
 4771.00     1.062E-16
 4772.50     1.068E-16
 4774.00     1.064E-16
 4775.50     1.042E-16
 4777.00     1.058E-16
 4778.50     1.062E-16
 4780.00     1.086E-16
 4781.50     1.063E-16
 4783.00     1.049E-16
 4784.50     1.070E-16
 4786.00     1.006E-16
 4787.50     1.048E-16
 4789.00     1.116E-16
 4790.50     1.067E-16
 4792.00     1.098E-16
 4793.50     1.093E-16
 4795.00     1.043E-16
 4796.50     1.060E-16
 4798.00     1.085E-16
 4799.50     1.060E-16
 4801.00     1.079E-16
 4802.50     1.027E-16
 4804.00     1.060E-16
 4805.50     1.056E-16
 4807.00     1.072E-16
 4808.50     1.027E-16
 4810.00     1.063E-16
 4811.50     1.076E-16
 4813.00     1.086E-16
 4814.50     1.104E-16
 4816.00     1.098E-16
 4817.50     1.117E-16
 4819.00     1.051E-16
 4820.50     1.032E-16
 4822.00     1.058E-16
 4823.50     1.091E-16
 4825.00     1.090E-16
 4826.50     1.073E-16
 4828.00     1.133E-16
 4829.50     1.118E-16
 4831.00     1.138E-16
 4832.50     1.080E-16
 4834.00     1.082E-16
 4835.50     1.144E-16
 4837.00     1.154E-16
 4838.50     1.131E-16
 4840.00     1.219E-16
 4841.50     1.225E-16
 4843.00     1.242E-16
 4844.50     1.241E-16
 4846.00     1.268E-16
 4847.50     1.243E-16
 4849.00     1.234E-16
 4850.50     1.242E-16
 4852.00     1.199E-16
 4853.50     1.210E-16
 4855.00     1.214E-16
 4856.50     1.216E-16
 4858.00     1.147E-16
 4859.50     1.149E-16
 4861.00     1.138E-16
 4862.50     1.120E-16
 4864.00     1.138E-16
 4865.50     1.103E-16
 4867.00     1.109E-16
 4868.50     1.061E-16
 4870.00     1.072E-16
 4871.50     1.099E-16
 4873.00     1.049E-16
 4874.50     1.053E-16
 4876.00     1.038E-16
 4877.50     1.020E-16
 4879.00     1.014E-16
 4880.50     9.887E-17
 4882.00     1.016E-16
 4883.50     9.715E-17
 4885.00     9.844E-17
 4886.50     9.783E-17
 4888.00     9.900E-17
 4889.50     1.011E-16
 4891.00     9.830E-17
 4892.50     9.904E-17
 4894.00     1.020E-16
 4895.50     9.931E-17
 4897.00     9.717E-17
 4898.50     9.513E-17
 4900.00     9.682E-17
 4901.50     1.021E-16
 4903.00     9.777E-17
 4904.50     9.837E-17
 4906.00     1.002E-16
 4907.50     9.635E-17
 4909.00     9.733E-17
 4910.50     9.733E-17
 4912.00     1.012E-16
 4913.50     9.594E-17
 4915.00     9.726E-17
 4916.50     1.003E-16
 4918.00     9.975E-17
 4919.50     1.000E-16
 4921.00     1.009E-16
 4922.50     9.729E-17
 4924.00     9.645E-17
 4925.50     9.881E-17
 4927.00     9.830E-17
 4928.50     9.862E-17
 4930.00     9.733E-17
 4931.50     9.703E-17
 4933.00     9.916E-17
 4934.50     9.599E-17
 4936.00     1.013E-16
 4937.50     1.006E-16
 4939.00     9.688E-17
 4940.50     1.011E-16
 4942.00     9.728E-17
 4943.50     9.397E-17
 4945.00     9.301E-17
 4946.50     9.734E-17
 4948.00     9.529E-17
 4949.50     9.875E-17
 4951.00     1.003E-16
 4952.50     9.983E-17
 4954.00     1.013E-16
 4955.50     9.808E-17
 4957.00     1.007E-16
 4958.50     1.031E-16
 4960.00     1.003E-16
 4961.50     1.000E-16
 4963.00     9.854E-17
 4964.50     9.903E-17
 4966.00     1.006E-16
 4967.50     9.936E-17
 4969.00     9.941E-17
 4970.50     9.489E-17
 4972.00     9.540E-17
 4973.50     9.657E-17
 4975.00     9.883E-17
 4976.50     9.869E-17
 4978.00     9.968E-17
 4979.50     9.725E-17
 4981.00     9.508E-17
 4982.50     9.998E-17
 4984.00     1.019E-16
 4985.50     9.804E-17
 4987.00     9.744E-17
 4988.50     9.787E-17
 4990.00     1.010E-16
 4991.50     1.002E-16
 4993.00     9.830E-17
 4994.50     9.932E-17
 4996.00     1.000E-16
 4997.50     1.014E-16
 4999.00     9.798E-17
 5000.50     9.749E-17
 5002.00     9.698E-17
 5003.50     1.020E-16
 5005.00     1.007E-16
 5006.50     1.028E-16
 5008.00     9.985E-17
 5009.50     1.006E-16
 5011.00     9.825E-17
 5012.50     9.654E-17
 5014.00     1.009E-16
 5015.50     9.966E-17
 5017.00     1.013E-16
 5018.50     1.008E-16
 5020.00     9.811E-17
 5021.50     9.915E-17
 5023.00     9.830E-17
 5024.50     1.014E-16
 5026.00     9.831E-17
 5027.50     9.978E-17
 5029.00     9.943E-17
 5030.50     9.739E-17
 5032.00     9.985E-17
 5033.50     1.020E-16
 5035.00     9.921E-17
 5036.50     9.787E-17
 5038.00     9.715E-17
 5039.50     1.002E-16
 5041.00     9.826E-17
 5042.50     9.937E-17
 5044.00     9.839E-17
 5045.50     1.000E-16
 5047.00     9.856E-17
 5048.50     9.593E-17
 5050.00     1.006E-16
 5051.50     1.006E-16
 5053.00     9.733E-17
 5054.50     9.746E-17
 5056.00     9.565E-17
 5057.50     1.003E-16
 5059.00     9.864E-17
 5060.50     9.987E-17
 5062.00     1.007E-16
 5063.50     1.006E-16
 5065.00     9.667E-17
 5066.50     1.020E-16
 5068.00     1.015E-16
 5069.50     9.561E-17
 5071.00     9.648E-17
 5072.50     9.584E-17
 5074.00     9.795E-17
 5075.50     9.815E-17
 5077.00     1.017E-16
 5078.50     1.019E-16
 5080.00     1.019E-16
 5081.50     9.945E-17
 5083.00     9.975E-17
 5084.50     1.008E-16
 5086.00     9.706E-17
 5087.50     9.964E-17
 5089.00     9.879E-17
 5090.50     1.004E-16
 5092.00     1.021E-16
 5093.50     9.972E-17
 5095.00     9.989E-17
 5096.50     9.767E-17
 5098.00     1.005E-16
 5099.50     1.032E-16
 5101.00     9.854E-17
 5102.50     9.811E-17
 5104.00     1.015E-16
 5105.50     1.011E-16
 5107.00     9.886E-17
 5108.50     1.017E-16
 5110.00     9.925E-17
 5111.50     1.019E-16
 5113.00     1.028E-16
 5114.50     1.001E-16
 5116.00     9.516E-17
 5117.50     9.999E-17
 5119.00     9.954E-17
 5120.50     1.025E-16
 5122.00     9.994E-17
 5123.50     9.876E-17
 5125.00     9.910E-17
 5126.50     1.003E-16
 5128.00     9.801E-17
 5129.50     9.963E-17
 5131.00     1.040E-16
 5132.50     9.919E-17
 5134.00     9.689E-17
 5135.50     9.867E-17
 5137.00     9.932E-17
 5138.50     1.019E-16
 5140.00     9.792E-17
 5141.50     9.962E-17
 5143.00     9.769E-17
 5144.50     9.857E-17
 5146.00     9.922E-17
 5147.50     1.007E-16
 5149.00     9.609E-17
 5150.50     9.773E-17
 5152.00     9.825E-17
 5153.50     9.804E-17
 5155.00     9.859E-17
 5156.50     9.966E-17
 5158.00     9.802E-17
 5159.50     9.903E-17
 5161.00     9.758E-17
 5162.50     9.901E-17
 5164.00     1.010E-16
 5165.50     9.862E-17
 5167.00     9.838E-17
 5168.50     9.584E-17
 5170.00     9.730E-17
 5171.50     9.898E-17
 5173.00     1.033E-16
 5174.50     9.613E-17
 5176.00     9.581E-17
 5177.50     9.803E-17
 5179.00     9.931E-17
 5180.50     9.692E-17
 5182.00     9.603E-17
 5183.50     9.745E-17
 5185.00     9.802E-17
 5186.50     1.006E-16
 5188.00     9.701E-17
 5189.50     1.004E-16
 5191.00     9.933E-17
 5192.50     9.986E-17
 5194.00     9.828E-17
 5195.50     9.693E-17
 5197.00     1.005E-16
 5198.50     9.891E-17
 5200.00     9.812E-17
 5201.50     9.869E-17
 5203.00     9.547E-17
 5204.50     9.483E-17
 5206.00     9.580E-17
 5207.50     9.328E-17
 5209.00     8.361E-17
 5210.50     7.888E-17
 5212.00     8.939E-17
 5213.50     9.543E-17
 5215.00     9.501E-17
 5216.50     9.898E-17
 5218.00     9.698E-17
 5219.50     9.548E-17
 5221.00     9.609E-17
 5222.50     9.739E-17
 5224.00     9.905E-17
 5225.50     9.521E-17
 5227.00     9.629E-17
 5228.50     9.518E-17
 5230.00     8.899E-17
 5231.50     8.848E-17
 5233.00     8.885E-17
 5234.50     9.326E-17
 5236.00     9.410E-17
 5237.50     9.666E-17
 5239.00     9.783E-17
 5240.50     9.597E-17
 5242.00     9.716E-17
 5243.50     9.680E-17
 5245.00     9.546E-17
 5246.50     9.928E-17
 5248.00     9.865E-17
 5249.50     9.514E-17
 5251.00     9.420E-17
 5252.50     9.695E-17
 5254.00     9.700E-17
 5255.50     9.455E-17
 5257.00     9.553E-17
 5258.50     9.640E-17
 5260.00     9.605E-17
 5261.50     9.472E-17
 5263.00     9.830E-17
 5264.50     9.219E-17
 5266.00     9.570E-17
 5267.50     9.490E-17
 5269.00     9.867E-17
 5270.50     9.981E-17
 5272.00     9.784E-17
 5273.50     9.385E-17
 5275.00     9.387E-17
 5276.50     9.691E-17
 5278.00     9.873E-17
 5279.50     9.470E-17
 5281.00     9.769E-17
 5282.50     9.405E-17
 5284.00     9.372E-17
 5285.50     9.609E-17
 5287.00     9.835E-17
 5288.50     9.908E-17
 5290.00     9.573E-17
 5291.50     9.496E-17
 5293.00     9.489E-17
 5294.50     9.524E-17
 5296.00     9.802E-17
 5297.50     9.441E-17
 5299.00     9.671E-17
 5300.50     9.449E-17
 5302.00     9.582E-17
 5303.50     9.730E-17
 5305.00     9.630E-17
 5306.50     9.445E-17
 5308.00     9.711E-17
 5309.50     9.815E-17
 5311.00     9.825E-17
 5312.50     9.826E-17
 5314.00     9.470E-17
 5315.50     9.898E-17
 5317.00     9.999E-17
 5318.50     9.519E-17
 5320.00     1.016E-16
 5321.50     9.589E-17
 5323.00     9.585E-17
 5324.50     1.026E-16
 5326.00     9.772E-17
 5327.50     9.754E-17
 5329.00     9.740E-17
 5330.50     9.577E-17
 5332.00     9.677E-17
 5333.50     1.005E-16
 5335.00     1.000E-16
 5336.50     9.414E-17
 5338.00     9.721E-17
 5339.50     9.758E-17
 5341.00     9.800E-17
 5342.50     9.946E-17
 5344.00     9.562E-17
 5345.50     9.879E-17
 5347.00     9.955E-17
 5348.50     9.991E-17
 5350.00     9.734E-17
 5351.50     9.652E-17
 5353.00     9.875E-17
 5354.50     9.990E-17
 5356.00     1.000E-16
 5357.50     9.696E-17
 5359.00     9.700E-17
 5360.50     9.879E-17
 5362.00     9.790E-17
 5363.50     9.856E-17
 5365.00     1.021E-16
 5366.50     9.907E-17
 5368.00     9.554E-17
 5369.50     9.377E-17
 5371.00     1.000E-16
 5372.50     9.538E-17
 5374.00     1.040E-16
 5375.50     9.939E-17
 5377.00     9.715E-17
 5378.50     1.007E-16
 5380.00     1.023E-16
 5381.50     1.003E-16
 5383.00     9.929E-17
 5384.50     9.686E-17
 5386.00     1.011E-16
 5387.50     9.669E-17
 5389.00     1.038E-16
 5390.50     1.010E-16
 5392.00     1.002E-16
 5393.50     9.842E-17
 5395.00     1.010E-16
 5396.50     1.010E-16
 5398.00     1.010E-16
 5399.50     9.715E-17
 5401.00     9.641E-17
 5402.50     1.023E-16
 5404.00     9.975E-17
 5405.50     9.845E-17
 5407.00     1.033E-16
 5408.50     1.026E-16
 5410.00     1.027E-16
 5411.50     1.001E-16
 5413.00     1.017E-16
 5414.50     9.813E-17
 5416.00     1.024E-16
 5417.50     1.022E-16
 5419.00     9.994E-17
 5420.50     1.066E-16
 5422.00     1.009E-16
 5423.50     9.852E-17
 5425.00     1.007E-16
 5426.50     1.031E-16
 5428.00     1.023E-16
 5429.50     1.056E-16
 5431.00     1.043E-16
 5432.50     1.055E-16
 5434.00     1.062E-16
 5435.50     1.011E-16
 5437.00     1.046E-16
 5438.50     1.040E-16
 5440.00     1.041E-16
 5441.50     1.020E-16
 5443.00     1.031E-16
 5444.50     9.980E-17
 5446.00     1.022E-16
 5447.50     1.051E-16
 5449.00     1.038E-16
 5450.50     1.058E-16
 5452.00     1.019E-16
 5453.50     1.007E-16
 5455.00     1.037E-16
 5456.50     1.074E-16
 5458.00     1.057E-16
 5459.50     1.085E-16
 5461.00     1.064E-16
 5462.50     1.043E-16
 5464.00     1.037E-16
 5465.50     1.058E-16
 5467.00     1.077E-16
 5468.50     1.074E-16
 5470.00     1.115E-16
 5471.50     1.101E-16
 5473.00     1.071E-16
 5474.50     1.016E-16
 5476.00     1.012E-16
 5477.50     9.790E-17
 5479.00     1.034E-16
 5480.50     1.105E-16
 5482.00     1.087E-16
 5483.50     1.113E-16
 5485.00     1.061E-16
 5486.50     1.043E-16
 5488.00     1.090E-16
 5489.50     1.061E-16
 5491.00     1.040E-16
 5492.50     1.046E-16
 5494.00     1.050E-16
 5495.50     1.036E-16
 5497.00     1.067E-16
 5498.50     1.086E-16
 5500.00     1.109E-16
 5501.50     1.094E-16
 5503.00     1.115E-16
 5504.50     1.088E-16
 5506.00     1.068E-16
 5507.50     1.079E-16
 5509.00     1.118E-16
 5510.50     1.106E-16
 5512.00     1.126E-16
 5513.50     1.115E-16
 5515.00     1.096E-16
 5516.50     1.079E-16
 5518.00     1.121E-16
 5519.50     1.143E-16
 5521.00     1.136E-16
 5522.50     1.092E-16
 5524.00     1.101E-16
 5525.50     1.153E-16
 5527.00     1.151E-16
 5528.50     1.178E-16
 5530.00     1.154E-16
 5531.50     1.227E-16
 5533.00     1.204E-16
 5534.50     1.142E-16
 5536.00     1.167E-16
 5537.50     1.160E-16
 5539.00     1.215E-16
 5540.50     1.207E-16
 5542.00     1.223E-16
 5543.50     1.203E-16
 5545.00     1.209E-16
 5546.50     1.235E-16
 5548.00     1.229E-16
 5549.50     1.247E-16
 5551.00     1.204E-16
 5552.50     1.224E-16
 5554.00     1.253E-16
 5555.50     1.236E-16
 5557.00     1.246E-16
 5558.50     1.238E-16
 5560.00     1.253E-16
 5561.50     1.240E-16
 5563.00     1.259E-16
 5564.50     1.251E-16
 5566.00     1.261E-16
 5567.50     1.267E-16
 5569.00     1.275E-16
 5570.50     1.284E-16
 5572.00     1.266E-16
 5573.50     1.234E-16
 5575.00     1.340E-16
 5576.50     1.349E-16
 5578.00     1.317E-16
 5579.50     1.270E-16
 5581.00     1.285E-16
 5582.50     1.295E-16
 5584.00     1.368E-16
 5585.50     1.327E-16
 5587.00     1.326E-16
 5588.50     1.366E-16
 5590.00     1.305E-16
 5591.50     1.311E-16
 5593.00     1.369E-16
 5594.50     1.365E-16
 5596.00     1.328E-16
 5597.50     1.358E-16
 5599.00     1.321E-16
 5600.50     1.318E-16
 5602.00     1.316E-16
 5603.50     1.313E-16
 5605.00     1.310E-16
 5606.50     1.307E-16
 5608.00     1.304E-16
 5609.50     1.302E-16
 5611.00     1.299E-16
 5612.50     1.296E-16
 5614.00     1.293E-16
 5615.50     1.290E-16
 5617.00     1.287E-16
 5618.50     1.285E-16
 5620.00     1.282E-16
 5621.50     1.279E-16
 5623.00     1.276E-16
 5624.50     1.273E-16
 5626.00     1.271E-16
 5627.50     1.268E-16
 5629.00     1.265E-16
 5630.50     1.262E-16
 5632.00     1.259E-16
 5633.50     1.257E-16
 5635.00     1.254E-16
 5636.50     1.251E-16
 5638.00     1.248E-16
 5639.50     1.245E-16
 5641.00     1.242E-16
 5642.50     1.240E-16
 5644.00     1.237E-16
 5645.50     1.234E-16
 5647.00     1.231E-16
 5648.50     1.228E-16
 5650.00     1.226E-16
 5651.50     1.223E-16
 5653.00     1.220E-16
 5654.50     1.217E-16
 5656.00     1.214E-16
 5657.50     1.211E-16
 5659.00     1.209E-16
 5660.50     1.206E-16
 5662.00     1.203E-16
 5663.50     1.200E-16
 5665.00     1.197E-16
 5666.50     1.195E-16
 5668.00     1.192E-16
 5669.50     1.189E-16
 5671.00     1.186E-16
 5672.50     1.183E-16
 5674.00     1.181E-16
 5675.50     1.178E-16
 5677.00     1.175E-16
 5678.50     1.172E-16
 5680.00     1.169E-16
 5681.50     1.166E-16
 5683.00     1.164E-16
 5684.50     1.161E-16
 5686.00     1.158E-16
 5687.50     1.155E-16
 5689.00     1.152E-16
 5690.50     1.150E-16
 5692.00     1.147E-16
 5693.50     1.144E-16
 5695.00     1.141E-16
 5696.50     1.138E-16
 5698.00     1.136E-16
 5699.50     1.133E-16
 5701.00     1.130E-16
 5702.50     1.127E-16
 5704.00     1.124E-16
 5705.50     1.121E-16
 5707.00     1.119E-16
 5708.50     1.116E-16
 5710.00     1.113E-16
 5711.50     1.110E-16
 5713.00     1.107E-16
 5714.50     1.105E-16
 5716.00     1.102E-16
 5717.50     1.099E-16
 5719.00     1.096E-16
 5720.50     1.093E-16
 5722.00     1.090E-16
 5723.50     1.088E-16
 5725.00     1.085E-16
 5726.50     1.082E-16
 5728.00     1.079E-16
 5729.50     1.076E-16
 5731.00     1.074E-16
 5732.50     1.071E-16
 5734.00     1.068E-16
 5735.50     1.065E-16
 5737.00     1.062E-16
 5738.50     1.060E-16
 5740.00     1.057E-16
 5741.50     1.054E-16
 5743.00     1.051E-16
 5744.50     1.048E-16
 5746.00     1.045E-16
 5747.50     1.043E-16
 5749.00     1.040E-16
 5750.50     1.037E-16
 5752.00     1.034E-16
 5753.50     1.031E-16
 5755.00     1.029E-16
 5756.50     1.026E-16
 5758.00     1.023E-16
 5759.50     1.020E-16
 5761.00     1.017E-16
 5762.50     1.015E-16
 5764.00     1.012E-16
 5765.50     1.009E-16
 5767.00     1.006E-16
 5768.50     1.003E-16
 5770.00     1.000E-16
 5771.50     9.976E-17
 5773.00     9.948E-17
 5774.50     9.920E-17
 5776.00     9.892E-17
 5777.50     9.864E-17
 5779.00     9.835E-17
 5780.50     9.807E-17
 5782.00     9.779E-17
 5783.50     9.751E-17
 5785.00     9.723E-17
 5786.50     9.695E-17
 5788.00     9.667E-17
 5789.50     9.638E-17
 5791.00     9.610E-17
 5792.50     9.582E-17
 5794.00     9.554E-17
 5795.50     9.526E-17
 5797.00     9.498E-17
 5798.50     9.470E-17
 5800.00     9.441E-17
 5801.50     9.413E-17
 5803.00     9.385E-17
 5804.50     9.357E-17
 5806.00     9.329E-17
 5807.50     9.399E-17
 5809.00     9.242E-17
 5810.50     9.304E-17
 5812.00     9.303E-17
 5813.50     9.357E-17
 5815.00     9.368E-17
 5816.50     9.372E-17
 5818.00     9.421E-17
 5819.50     9.459E-17
 5821.00     9.450E-17
 5822.50     9.571E-17
 5824.00     9.575E-17
 5825.50     9.519E-17
 5827.00     9.251E-17
 5828.50     9.094E-17
 5830.00     9.290E-17
 5831.50     9.341E-17
 5833.00     9.289E-17
 5834.50     9.208E-17
 5836.00     9.212E-17
 5837.50     9.184E-17
 5839.00     9.166E-17
 5840.50     9.218E-17
 5842.00     9.351E-17
 5843.50     9.502E-17
 5845.00     9.305E-17
 5846.50     9.532E-17
 5848.00     9.464E-17
 5849.50     9.372E-17
 5851.00     9.286E-17
 5852.50     9.328E-17
 5854.00     9.337E-17
 5855.50     8.950E-17
 5857.00     8.794E-17
 5858.50     8.499E-17
 5860.00     8.792E-17
 5861.50     9.182E-17
 5863.00     9.201E-17
 5864.50     9.143E-17
 5866.00     9.314E-17
 5867.50     9.464E-17
 5869.00     9.426E-17
 5870.50     9.188E-17
 5872.00     9.088E-17
 5873.50     9.236E-17
 5875.00     9.033E-17
 5876.50     9.043E-17
 5878.00     8.977E-17
 5879.50     9.003E-17
 5881.00     9.013E-17
 5882.50     9.147E-17
 5884.00     9.159E-17
 5885.50     9.107E-17
 5887.00     9.092E-17
 5888.50     8.798E-17
 5890.00     8.268E-17
 5891.50     8.320E-17
 5893.00     8.552E-17
 5894.50     8.820E-17
 5896.00     8.696E-17
 5897.50     8.770E-17
 5899.00     8.634E-17
 5900.50     9.029E-17
 5902.00     9.202E-17
 5903.50     9.047E-17
 5905.00     8.998E-17
 5906.50     9.027E-17
 5908.00     9.083E-17
 5909.50     9.093E-17
 5911.00     8.974E-17
 5912.50     9.069E-17
 5914.00     9.043E-17
 5915.50     9.038E-17
 5917.00     8.980E-17
 5918.50     8.909E-17
 5920.00     8.733E-17
 5921.50     8.642E-17
 5923.00     8.692E-17
 5924.50     8.941E-17
 5926.00     9.081E-17
 5927.50     8.956E-17
 5929.00     8.817E-17
 5930.50     8.921E-17
 5932.00     8.846E-17
 5933.50     8.953E-17
 5935.00     9.377E-17
 5936.50     9.212E-17
 5938.00     8.943E-17
 5939.50     8.831E-17
 5941.00     9.076E-17
 5942.50     9.096E-17
 5944.00     8.850E-17
 5945.50     8.980E-17
 5947.00     8.971E-17
 5948.50     9.048E-17
 5950.00     8.934E-17
 5951.50     8.902E-17
 5953.00     8.982E-17
 5954.50     8.904E-17
 5956.00     9.121E-17
 5957.50     9.259E-17
 5959.00     8.997E-17
 5960.50     9.074E-17
 5962.00     8.990E-17
 5963.50     8.947E-17
 5965.00     9.078E-17
 5966.50     8.980E-17
 5968.00     8.984E-17
 5969.50     9.035E-17
 5971.00     8.804E-17
 5972.50     9.129E-17
 5974.00     9.183E-17
 5975.50     8.910E-17
 5977.00     8.921E-17
 5978.50     8.997E-17
 5980.00     9.123E-17
 5981.50     9.185E-17
 5983.00     9.122E-17
 5984.50     9.170E-17
 5986.00     9.346E-17
 5987.50     9.257E-17
 5989.00     9.285E-17
 5990.50     9.137E-17
 5992.00     9.062E-17
 5993.50     9.057E-17
 5995.00     9.088E-17
 5996.50     8.955E-17
 5998.00     9.005E-17
 5999.50     8.987E-17
 6001.00     8.980E-17
 6002.50     9.241E-17
 6004.00     9.401E-17
 6005.50     9.184E-17
 6007.00     9.265E-17
 6008.50     9.434E-17
 6010.00     9.344E-17
 6011.50     9.046E-17
 6013.00     9.212E-17
 6014.50     9.377E-17
 6016.00     9.345E-17
 6017.50     9.268E-17
 6019.00     9.282E-17
 6020.50     9.264E-17
 6022.00     9.378E-17
 6023.50     9.380E-17
 6025.00     9.315E-17
 6026.50     9.408E-17
 6028.00     9.495E-17
 6029.50     9.346E-17
 6031.00     9.233E-17
 6032.50     9.309E-17
 6034.00     9.329E-17
 6035.50     9.360E-17
 6037.00     9.253E-17
 6038.50     9.290E-17
 6040.00     9.391E-17
 6041.50     9.487E-17
 6043.00     9.313E-17
 6044.50     9.457E-17
 6046.00     9.399E-17
 6047.50     9.419E-17
 6049.00     9.534E-17
 6050.50     9.281E-17
 6052.00     9.346E-17
 6053.50     9.306E-17
 6055.00     9.688E-17
 6056.50     9.528E-17
 6058.00     9.268E-17
 6059.50     9.546E-17
 6061.00     9.819E-17
 6062.50     9.647E-17
 6064.00     9.519E-17
 6065.50     9.507E-17
 6067.00     9.377E-17
 6068.50     9.616E-17
 6070.00     9.407E-17
 6071.50     9.344E-17
 6073.00     9.382E-17
 6074.50     9.424E-17
 6076.00     9.554E-17
 6077.50     9.440E-17
 6079.00     9.515E-17
 6080.50     9.564E-17
 6082.00     9.423E-17
 6083.50     9.244E-17
 6085.00     9.328E-17
 6086.50     9.198E-17
 6088.00     9.100E-17
 6089.50     9.257E-17
 6091.00     9.619E-17
 6092.50     9.424E-17
 6094.00     9.297E-17
 6095.50     9.280E-17
 6097.00     9.353E-17
 6098.50     9.405E-17
 6100.00     9.560E-17
 6101.50     9.459E-17
 6103.00     9.519E-17
 6104.50     9.462E-17
 6106.00     9.516E-17
 6107.50     9.547E-17
 6109.00     9.275E-17
 6110.50     9.271E-17
 6112.00     9.345E-17
 6113.50     9.206E-17
 6115.00     9.011E-17
 6116.50     9.208E-17
 6118.00     9.396E-17
 6119.50     9.219E-17
 6121.00     9.320E-17
 6122.50     9.200E-17
 6124.00     9.094E-17
 6125.50     9.077E-17
 6127.00     9.124E-17
 6128.50     9.058E-17
 6130.00     9.086E-17
 6131.50     9.206E-17
 6133.00     9.302E-17
 6134.50     9.100E-17
 6136.00     9.203E-17
 6137.50     9.082E-17
 6139.00     9.243E-17
 6140.50     9.188E-17
 6142.00     9.041E-17
 6143.50     9.080E-17
 6145.00     9.146E-17
 6146.50     9.055E-17
 6148.00     9.206E-17
 6149.50     9.139E-17
 6151.00     8.896E-17
 6152.50     8.862E-17
 6154.00     9.185E-17
 6155.50     9.097E-17
 6157.00     9.004E-17
 6158.50     9.040E-17
 6160.00     8.893E-17
 6161.50     8.943E-17
 6163.00     8.974E-17
 6164.50     8.866E-17
 6166.00     8.720E-17
 6167.50     8.988E-17
 6169.00     9.147E-17
 6170.50     9.089E-17
 6172.00     8.877E-17
 6173.50     8.899E-17
 6175.00     9.011E-17
 6176.50     8.895E-17
 6178.00     8.871E-17
 6179.50     8.641E-17
 6181.00     8.686E-17
 6182.50     8.774E-17
 6184.00     8.940E-17
 6185.50     8.867E-17
 6187.00     8.866E-17
 6188.50     8.824E-17
 6190.00     8.868E-17
 6191.50     8.812E-17
 6193.00     8.877E-17
 6194.50     8.772E-17
 6196.00     8.870E-17
 6197.50     8.961E-17
 6199.00     8.808E-17
 6200.50     8.731E-17
 6202.00     8.564E-17
 6203.50     8.700E-17
 6205.00     8.572E-17
 6206.50     8.540E-17
 6208.00     8.680E-17
 6209.50     8.656E-17
 6211.00     8.707E-17
 6212.50     8.535E-17
 6214.00     8.588E-17
 6215.50     8.723E-17
 6217.00     8.618E-17
 6218.50     8.674E-17
 6220.00     8.653E-17
 6221.50     8.423E-17
 6223.00     8.593E-17
 6224.50     8.639E-17
 6226.00     8.420E-17
 6227.50     8.473E-17
 6229.00     8.573E-17
 6230.50     8.485E-17
 6232.00     8.391E-17
 6233.50     8.388E-17
 6235.00     8.522E-17
 6236.50     8.364E-17
 6238.00     8.376E-17
 6239.50     8.395E-17
 6241.00     8.551E-17
 6242.50     8.384E-17
 6244.00     8.369E-17
 6245.50     8.282E-17
 6247.00     8.280E-17
 6248.50     8.239E-17
 6250.00     8.467E-17
 6251.50     8.458E-17
 6253.00     8.237E-17
 6254.50     8.215E-17
 6256.00     8.276E-17
 6257.50     8.109E-17
 6259.00     8.171E-17
 6260.50     8.166E-17
 6262.00     8.100E-17
 6263.50     8.183E-17
 6265.00     8.274E-17
 6266.50     8.257E-17
 6268.00     8.246E-17
 6269.50     8.237E-17
 6271.00     7.933E-17
 6272.50     8.067E-17
 6274.00     8.143E-17
 6275.50     8.006E-17
 6277.00     7.894E-17
 6278.50     7.989E-17
 6280.00     7.924E-17
 6281.50     7.722E-17
 6283.00     7.813E-17
 6284.50     7.717E-17
 6286.00     8.021E-17
 6287.50     8.216E-17
 6289.00     8.091E-17
 6290.50     8.052E-17
 6292.00     7.913E-17
 6293.50     7.853E-17
 6295.00     7.912E-17
 6296.50     8.091E-17
 6298.00     8.174E-17
 6299.50     8.199E-17
 6301.00     8.022E-17
 6302.50     8.117E-17
 6304.00     8.026E-17
 6305.50     7.862E-17
 6307.00     7.896E-17
 6308.50     8.102E-17
 6310.00     8.067E-17
 6311.50     7.850E-17
 6313.00     8.108E-17
 6314.50     8.096E-17
 6316.00     8.131E-17
 6317.50     7.927E-17
 6319.00     7.839E-17
 6320.50     7.797E-17
 6322.00     7.889E-17
 6323.50     7.806E-17
 6325.00     7.993E-17
 6326.50     8.014E-17
 6328.00     8.004E-17
 6329.50     7.851E-17
 6331.00     7.873E-17
 6332.50     8.045E-17
 6334.00     8.206E-17
 6335.50     7.887E-17
 6337.00     7.845E-17
 6338.50     8.073E-17
 6340.00     8.072E-17
 6341.50     8.172E-17
 6343.00     8.276E-17
 6344.50     8.122E-17
 6346.00     7.876E-17
 6347.50     7.919E-17
 6349.00     7.971E-17
 6350.50     8.018E-17
 6352.00     8.096E-17
 6353.50     8.101E-17
 6355.00     8.004E-17
 6356.50     7.829E-17
 6358.00     7.639E-17
 6359.50     7.667E-17
 6361.00     7.801E-17
 6362.50     7.997E-17
 6364.00     7.935E-17
 6365.50     7.972E-17
 6367.00     8.188E-17
 6368.50     8.248E-17
 6370.00     8.142E-17
 6371.50     7.953E-17
 6373.00     7.945E-17
 6374.50     8.117E-17
 6376.00     8.068E-17
 6377.50     7.964E-17
 6379.00     8.072E-17
 6380.50     8.192E-17
 6382.00     8.079E-17
 6383.50     8.183E-17
 6385.00     8.124E-17
 6386.50     7.943E-17
 6388.00     8.078E-17
 6389.50     7.972E-17
 6391.00     7.647E-17
 6392.50     7.558E-17
 6394.00     7.583E-17
 6395.50     7.772E-17
 6397.00     8.112E-17
 6398.50     8.172E-17
 6400.00     8.069E-17
 6401.50     8.042E-17
 6403.00     8.045E-17
 6404.50     8.095E-17
 6406.00     7.947E-17
 6407.50     8.029E-17
 6409.00     8.043E-17
 6410.50     8.027E-17
 6412.00     8.044E-17
 6413.50     8.056E-17
 6415.00     8.068E-17
 6416.50     8.035E-17
 6418.00     7.936E-17
 6419.50     7.929E-17
 6421.00     8.171E-17
 6422.50     7.978E-17
 6424.00     8.096E-17
 6425.50     8.151E-17
 6427.00     8.104E-17
 6428.50     8.074E-17
 6430.00     8.057E-17
 6431.50     8.132E-17
 6433.00     7.928E-17
 6434.50     7.812E-17
 6436.00     7.874E-17
 6437.50     7.904E-17
 6439.00     7.794E-17
 6440.50     7.899E-17
 6442.00     7.806E-17
 6443.50     7.872E-17
 6445.00     8.016E-17
 6446.50     7.915E-17
 6448.00     8.005E-17
 6449.50     7.954E-17
 6451.00     7.983E-17
 6452.50     8.026E-17
 6454.00     8.023E-17
 6455.50     8.054E-17
 6457.00     7.897E-17
 6458.50     8.019E-17
 6460.00     8.028E-17
 6461.50     7.875E-17
 6463.00     7.851E-17
 6464.50     7.832E-17
 6466.00     7.833E-17
 6467.50     7.951E-17
 6469.00     8.016E-17
 6470.50     7.840E-17
 6472.00     7.877E-17
 6473.50     8.024E-17
 6475.00     8.096E-17
 6476.50     8.087E-17
 6478.00     7.849E-17
 6479.50     7.931E-17
 6481.00     8.021E-17
 6482.50     7.917E-17
 6484.00     7.864E-17
 6485.50     7.875E-17
 6487.00     7.848E-17
 6488.50     7.720E-17
 6490.00     7.755E-17
 6491.50     7.916E-17
 6493.00     7.930E-17
 6494.50     7.854E-17
 6496.00     7.938E-17
 6497.50     7.932E-17
 6499.00     7.850E-17
 6500.50     7.709E-17
 6502.00     7.737E-17
 6503.50     7.804E-17
 6505.00     7.941E-17
 6506.50     7.970E-17
 6508.00     8.003E-17
 6509.50     7.937E-17
 6511.00     7.970E-17
 6512.50     8.096E-17
 6514.00     7.864E-17
 6515.50     7.658E-17
 6517.00     7.711E-17
 6518.50     7.775E-17
 6520.00     7.923E-17
 6521.50     7.877E-17
 6523.00     7.750E-17
 6524.50     7.754E-17
 6526.00     7.830E-17
 6527.50     7.822E-17
 6529.00     7.808E-17
 6530.50     7.861E-17
 6532.00     7.890E-17
 6533.50     7.816E-17
 6535.00     7.749E-17
 6536.50     7.708E-17
 6538.00     7.667E-17
 6539.50     7.704E-17
 6541.00     7.782E-17
 6542.50     7.810E-17
 6544.00     7.651E-17
 6545.50     7.638E-17
 6547.00     7.734E-17
 6548.50     7.827E-17
 6550.00     7.785E-17
 6551.50     7.647E-17
 6553.00     7.591E-17
 6554.50     7.517E-17
 6556.00     7.566E-17
 6557.50     7.550E-17
 6559.00     7.535E-17
 6560.50     7.513E-17
 6562.00     7.554E-17
 6563.50     7.661E-17
 6565.00     7.671E-17
 6566.50     7.684E-17
 6568.00     7.555E-17
 6569.50     7.588E-17
 6571.00     7.560E-17
 6572.50     7.704E-17
 6574.00     7.714E-17
 6575.50     7.483E-17
 6577.00     7.469E-17
 6578.50     7.594E-17
 6580.00     7.645E-17
 6581.50     7.362E-17
 6583.00     6.883E-17
 6584.50     6.518E-17
 6586.00     6.696E-17
 6587.50     7.109E-17
 6589.00     7.249E-17
 6590.50     7.369E-17
 6592.00     7.472E-17
 6593.50     7.557E-17
 6595.00     7.612E-17
 6596.50     7.594E-17
 6598.00     7.550E-17
 6599.50     7.603E-17
 6601.00     7.562E-17
 6602.50     7.541E-17
 6604.00     7.788E-17
 6605.50     7.762E-17
 6607.00     7.650E-17
 6608.50     7.691E-17
 6610.00     7.520E-17
 6611.50     7.420E-17
 6613.00     7.534E-17
 6614.50     7.511E-17
 6616.00     7.617E-17
 6617.50     7.669E-17
 6619.00     7.678E-17
 6620.50     7.704E-17
 6622.00     7.636E-17
 6623.50     7.539E-17
 6625.00     7.540E-17
 6626.50     7.542E-17
 6628.00     7.566E-17
 6629.50     7.657E-17
 6631.00     7.684E-17
 6632.50     7.645E-17
 6634.00     7.659E-17
 6635.50     7.642E-17
 6637.00     7.715E-17
 6638.50     7.694E-17
 6640.00     7.636E-17
 6641.50     7.586E-17
 6643.00     7.505E-17
 6644.50     7.689E-17
 6646.00     7.589E-17
 6647.50     7.571E-17
 6649.00     7.718E-17
 6650.50     7.677E-17
 6652.00     7.723E-17
 6653.50     7.759E-17
 6655.00     7.854E-17
 6656.50     7.654E-17
 6658.00     7.691E-17
 6659.50     7.820E-17
 6661.00     7.590E-17
 6662.50     7.716E-17
 6664.00     7.647E-17
 6665.50     7.583E-17
 6667.00     7.631E-17
 6668.50     7.424E-17
 6670.00     7.172E-17
 6671.50     7.264E-17
 6673.00     7.526E-17
 6674.50     7.899E-17
 6676.00     7.909E-17
 6677.50     7.659E-17
 6679.00     7.639E-17
 6680.50     7.772E-17
 6682.00     7.854E-17
 6683.50     7.944E-17
 6685.00     7.608E-17
 6686.50     7.632E-17
 6688.00     7.574E-17
 6689.50     7.272E-17
 6691.00     6.840E-17
 6692.50     6.500E-17
 6694.00     6.298E-17
 6695.50     6.582E-17
 6697.00     7.376E-17
 6698.50     7.741E-17
 6700.00     7.828E-17
 6701.50     7.889E-17
 6703.00     8.053E-17
 6704.50     7.797E-17
 6706.00     7.849E-17
 6707.50     7.895E-17
 6709.00     7.795E-17
 6710.50     7.657E-17
 6712.00     7.839E-17
 6713.50     7.751E-17
 6715.00     7.721E-17
 6716.50     7.886E-17
 6718.00     7.955E-17
 6719.50     7.980E-17
 6721.00     8.021E-17
 6722.50     7.886E-17
 6724.00     7.843E-17
 6725.50     7.859E-17
 6727.00     7.882E-17
 6728.50     7.830E-17
 6730.00     7.973E-17
 6731.50     7.949E-17
 6733.00     7.775E-17
 6734.50     7.924E-17
 6736.00     7.867E-17
 6737.50     7.884E-17
 6739.00     7.912E-17
 6740.50     7.876E-17
 6742.00     7.930E-17
 6743.50     7.842E-17
 6745.00     7.693E-17
 6746.50     7.731E-17
 6748.00     7.830E-17
 6749.50     8.000E-17
 6751.00     7.932E-17
 6752.50     7.996E-17
 6754.00     8.006E-17
 6755.50     7.911E-17
 6757.00     7.860E-17
 6758.50     7.900E-17
 6760.00     7.856E-17
 6761.50     8.061E-17
 6763.00     8.180E-17
 6764.50     7.958E-17
 6766.00     7.980E-17
 6767.50     7.941E-17
 6769.00     8.108E-17
 6770.50     8.228E-17
 6772.00     7.933E-17
 6773.50     7.965E-17
 6775.00     7.993E-17
 6776.50     8.086E-17
 6778.00     7.909E-17
 6779.50     7.824E-17
 6781.00     8.090E-17
 6782.50     8.053E-17
 6784.00     8.104E-17
 6785.50     8.173E-17
 6787.00     8.007E-17
 6788.50     8.045E-17
 6790.00     8.080E-17
 6791.50     8.163E-17
 6793.00     8.161E-17
 6794.50     7.968E-17
 6796.00     8.122E-17
 6797.50     8.080E-17
 6799.00     8.045E-17
 6800.50     8.030E-17
 6802.00     7.988E-17
 6803.50     8.089E-17
 6805.00     8.180E-17
 6806.50     7.984E-17
 6808.00     7.953E-17
 6809.50     8.014E-17
 6811.00     8.073E-17
 6812.50     8.123E-17
 6814.00     8.225E-17
 6815.50     8.112E-17
 6817.00     8.138E-17
 6818.50     8.286E-17
 6820.00     8.121E-17
 6821.50     7.935E-17
 6823.00     8.044E-17
 6824.50     8.025E-17
 6826.00     8.053E-17
 6827.50     8.186E-17
 6829.00     8.121E-17
 6830.50     8.019E-17
 6832.00     8.076E-17
 6833.50     8.035E-17
 6835.00     8.105E-17
 6836.50     8.147E-17
 6838.00     8.051E-17
 6839.50     7.857E-17
 6841.00     7.981E-17
 6842.50     8.141E-17
 6844.00     8.012E-17
 6845.50     7.872E-17
 6847.00     7.889E-17
 6848.50     8.059E-17
 6850.00     8.077E-17
 6851.50     8.126E-17
 6853.00     8.118E-17
 6854.50     8.212E-17
 6856.00     8.235E-17
 6857.50     8.141E-17
 6859.00     8.068E-17
 6860.50     8.092E-17
 6862.00     8.360E-17
 6863.50     8.619E-17
 6865.00     8.713E-17
 6866.50     8.484E-17
 6868.00     8.349E-17
 6869.50     7.943E-17
 6871.00     7.245E-17
 6872.50     6.273E-17
 6874.00     5.893E-17
 6875.50     5.799E-17
 6877.00     6.135E-17
 6878.50     6.661E-17
 6880.00     7.411E-17
 6881.50     7.799E-17
 6883.00     7.980E-17
 6884.50     8.233E-17
 6886.00     8.443E-17
 6887.50     8.132E-17
 6889.00     7.704E-17
 6890.50     7.236E-17
 6892.00     6.744E-17
 6893.50     6.433E-17
 6895.00     6.876E-17
 6896.50     7.484E-17
 6898.00     7.884E-17
 6899.50     7.922E-17
 6901.00     7.951E-17
 6902.50     8.022E-17
 6904.00     8.034E-17
 6905.50     7.934E-17
 6907.00     7.906E-17
 6908.50     7.833E-17
 6910.00     7.986E-17
 6911.50     7.961E-17
 6913.00     8.012E-17
 6914.50     7.949E-17
 6916.00     7.839E-17
 6917.50     7.915E-17
 6919.00     8.021E-17
 6920.50     7.972E-17
 6922.00     8.052E-17
 6923.50     7.994E-17
 6925.00     7.977E-17
 6926.50     7.859E-17
 6928.00     7.843E-17
 6929.50     7.865E-17
 6931.00     7.861E-17
 6932.50     7.843E-17
 6934.00     7.911E-17
 6935.50     8.072E-17
 6937.00     8.036E-17
 6938.50     8.045E-17
 6940.00     7.930E-17
 6941.50     7.785E-17
 6943.00     7.842E-17
 6944.50     7.831E-17
 6946.00     7.949E-17
 6947.50     7.990E-17
 6949.00     7.827E-17
 6950.50     7.716E-17
 6952.00     7.993E-17
 6953.50     7.934E-17
 6955.00     7.852E-17
 6956.50     7.882E-17
 6958.00     7.888E-17
 6959.50     7.805E-17
 6961.00     7.657E-17
 6962.50     7.687E-17
 6964.00     7.767E-17
 6965.50     7.773E-17
 6967.00     7.802E-17
 6968.50     7.773E-17
 6970.00     7.887E-17
 6971.50     7.908E-17
 6973.00     7.746E-17
 6974.50     7.688E-17
 6976.00     7.843E-17
 6977.50     8.062E-17
 6979.00     7.839E-17
 6980.50     7.806E-17
 6982.00     7.884E-17
 6983.50     7.865E-17
 6985.00     7.798E-17
 6986.50     7.819E-17
 6988.00     7.781E-17
 6989.50     7.805E-17
 6991.00     7.779E-17
 6992.50     7.596E-17
 6994.00     7.664E-17
 6995.50     7.672E-17
 6997.00     7.648E-17
 6998.50     7.767E-17
 7000.00     7.718E-17
 7001.50     7.784E-17
 7003.00     7.944E-17
 7004.50     7.775E-17
 7006.00     7.782E-17
 7007.50     7.803E-17
 7009.00     7.788E-17
 7010.50     7.924E-17
 7012.00     7.687E-17
 7013.50     7.659E-17
 7015.00     7.599E-17
 7016.50     7.507E-17
 7018.00     7.411E-17
 7019.50     7.553E-17
 7021.00     7.810E-17
 7022.50     7.726E-17
 7024.00     7.739E-17
 7025.50     7.844E-17
 7027.00     7.777E-17
 7028.50     7.646E-17
 7030.00     7.495E-17
 7031.50     7.574E-17
 7033.00     7.826E-17
 7034.50     7.854E-17
 7036.00     7.732E-17
 7037.50     7.822E-17
 7039.00     7.822E-17
 7040.50     7.684E-17
 7042.00     7.681E-17
 7043.50     7.647E-17
 7045.00     7.476E-17
 7046.50     7.676E-17
 7048.00     7.739E-17
 7049.50     7.601E-17
 7051.00     7.595E-17
 7052.50     7.471E-17
 7054.00     7.647E-17
 7055.50     7.684E-17
 7057.00     7.609E-17
 7058.50     7.766E-17
 7060.00     7.694E-17
 7061.50     7.553E-17
 7063.00     7.629E-17
 7064.50     7.768E-17
 7066.00     7.670E-17
 7067.50     7.726E-17
 7069.00     7.663E-17
 7070.50     7.579E-17
 7072.00     7.604E-17
 7073.50     7.637E-17
 7075.00     7.693E-17
 7076.50     7.717E-17
 7078.00     7.686E-17
 7079.50     7.651E-17
 7081.00     7.562E-17
 7082.50     7.591E-17
 7084.00     7.606E-17
 7085.50     7.702E-17
 7087.00     7.792E-17
 7088.50     7.829E-17
 7090.00     7.749E-17
 7091.50     7.766E-17
 7093.00     7.790E-17
 7094.50     7.774E-17
 7096.00     7.708E-17
 7097.50     7.756E-17
 7099.00     7.775E-17
 7100.50     7.745E-17
 7102.00     7.731E-17
 7103.50     7.629E-17
 7105.00     7.707E-17
 7106.50     7.649E-17
 7108.00     7.827E-17
 7109.50     7.920E-17
 7111.00     7.864E-17
 7112.50     7.680E-17
 7114.00     7.607E-17
 7115.50     7.750E-17
 7117.00     7.991E-17
 7118.50     7.899E-17
 7120.00     7.940E-17
 7121.50     7.751E-17
 7123.00     7.839E-17
 7124.50     7.977E-17
 7126.00     7.788E-17
 7127.50     7.704E-17
 7129.00     7.798E-17
 7130.50     7.876E-17
 7132.00     7.852E-17
 7133.50     7.815E-17
 7135.00     7.739E-17
 7136.50     7.836E-17
 7138.00     7.734E-17
 7139.50     7.820E-17
 7141.00     7.901E-17
 7142.50     7.830E-17
 7144.00     7.798E-17
 7145.50     7.762E-17
 7147.00     7.781E-17
 7148.50     8.032E-17
 7150.00     7.956E-17
 7151.50     7.874E-17
 7153.00     7.813E-17
 7154.50     7.792E-17
 7156.00     7.821E-17
 7157.50     7.789E-17
 7159.00     7.906E-17
 7160.50     7.807E-17
 7162.00     7.728E-17
 7163.50     7.833E-17
 7165.00     7.867E-17
 7166.50     7.927E-17
 7168.00     7.734E-17
 7169.50     7.722E-17
 7171.00     7.646E-17
 7172.50     7.475E-17
 7174.00     7.573E-17
 7175.50     7.592E-17
 7177.00     7.588E-17
 7178.50     7.582E-17
 7180.00     7.615E-17
 7181.50     7.648E-17
 7183.00     7.616E-17
 7184.50     7.541E-17
 7186.00     7.477E-17
 7187.50     7.338E-17
 7189.00     7.328E-17
 7190.50     7.380E-17
 7192.00     7.579E-17
 7193.50     7.520E-17
 7195.00     7.546E-17
 7196.50     7.519E-17
 7198.00     7.578E-17
 7199.50     7.744E-17
 7201.00     7.685E-17
 7202.50     7.402E-17
 7204.00     7.411E-17
 7205.50     7.546E-17
 7207.00     7.511E-17
 7208.50     7.549E-17
 7210.00     7.511E-17
 7211.50     7.692E-17
 7213.00     7.773E-17
 7214.50     7.817E-17
 7216.00     7.977E-17
 7217.50     7.801E-17
 7219.00     7.731E-17
 7220.50     7.936E-17
 7222.00     7.868E-17
 7223.50     7.957E-17
 7225.00     7.911E-17
 7226.50     7.915E-17
 7228.00     7.850E-17
 7229.50     7.771E-17
 7231.00     7.802E-17
 7232.50     7.679E-17
 7234.00     7.496E-17
 7235.50     7.387E-17
 7237.00     7.293E-17
 7238.50     7.390E-17
 7240.00     7.569E-17
 7241.50     7.567E-17
 7243.00     7.578E-17
 7244.50     7.520E-17
 7246.00     7.737E-17
 7247.50     7.769E-17
 7249.00     7.986E-17
 7250.50     8.009E-17
 7252.00     7.909E-17
 7253.50     7.602E-17
 7255.00     7.403E-17
 7256.50     7.375E-17
 7258.00     7.572E-17
 7259.50     7.669E-17
 7261.00     7.525E-17
 7262.50     7.522E-17
 7264.00     7.190E-17
 7265.50     6.863E-17
 7267.00     7.005E-17
 7268.50     7.163E-17
 7270.00     7.500E-17
 7271.50     7.738E-17
 7273.00     7.768E-17
 7274.50     7.856E-17
 7276.00     7.699E-17
 7277.50     7.535E-17
 7279.00     7.410E-17
 7280.50     7.320E-17
 7282.00     7.544E-17
 7283.50     7.915E-17
 7285.00     8.016E-17
 7286.50     7.910E-17
 7288.00     7.932E-17
 7289.50     7.808E-17
 7291.00     7.462E-17
 7292.50     7.402E-17
 7294.00     7.351E-17
 7295.50     7.518E-17
 7297.00     7.707E-17
 7298.50     7.631E-17
 7300.00     7.654E-17
 7301.50     7.199E-17
 7303.00     6.430E-17
 7304.50     5.954E-17
 7306.00     6.343E-17
 7307.50     6.990E-17
 7309.00     7.444E-17
 7310.50     7.659E-17
 7312.00     7.648E-17
 7313.50     7.631E-17
 7315.00     7.535E-17
 7316.50     7.780E-17
 7318.00     7.733E-17
 7319.50     7.623E-17
 7321.00     7.570E-17
 7322.50     7.612E-17
 7324.00     7.719E-17
 7325.50     7.689E-17
 7327.00     7.801E-17
 7328.50     7.980E-17
 7330.00     7.940E-17
 7331.50     7.856E-17
 7333.00     7.910E-17
 7334.50     7.789E-17
 7336.00     7.435E-17
 7337.50     7.483E-17
 7339.00     7.647E-17
 7340.50     7.749E-17
 7342.00     7.913E-17
 7343.50     7.733E-17
 7345.00     7.787E-17
 7346.50     7.769E-17
 7348.00     7.638E-17
 7349.50     7.686E-17
 7351.00     7.639E-17
 7352.50     7.657E-17
 7354.00     7.642E-17
 7355.50     7.752E-17
 7357.00     7.851E-17
 7358.50     7.765E-17
 7360.00     7.659E-17
 7361.50     7.737E-17
 7363.00     7.675E-17
 7364.50     7.647E-17
 7366.00     7.714E-17
 7367.50     7.509E-17
 7369.00     7.546E-17
 7370.50     7.695E-17
 7372.00     7.635E-17
 7373.50     7.744E-17
 7375.00     7.705E-17
 7376.50     7.577E-17
 7378.00     7.567E-17
 7379.50     7.656E-17
 7381.00     7.727E-17
 7382.50     7.807E-17
 7384.00     7.857E-17
 7385.50     7.726E-17
 7387.00     7.705E-17
 7388.50     7.808E-17
 7390.00     7.791E-17
 7391.50     7.900E-17
 7393.00     7.812E-17
 7394.50     7.572E-17
 7396.00     7.570E-17
 7397.50     7.783E-17
 7399.00     7.912E-17
 7400.50     7.683E-17
 7402.00     7.693E-17
 7403.50     7.695E-17
 7405.00     7.586E-17
 7406.50     7.411E-17
 7408.00     7.520E-17
 7409.50     7.767E-17
 7411.00     7.915E-17
 7412.50     7.687E-17
 7414.00     7.708E-17
 7415.50     7.790E-17
 7417.00     7.733E-17
 7418.50     7.554E-17
 7420.00     7.610E-17
 7421.50     7.471E-17
 7423.00     7.599E-17
 7424.50     7.678E-17
 7426.00     7.665E-17
 7427.50     7.697E-17
 7429.00     7.827E-17
 7430.50     7.701E-17
 7432.00     7.651E-17
 7433.50     7.815E-17
 7435.00     7.695E-17
 7436.50     7.670E-17
 7438.00     7.757E-17
 7439.50     7.699E-17
 7441.00     7.668E-17
 7442.50     7.592E-17
 7444.00     7.612E-17
 7445.50     7.644E-17
 7447.00     7.742E-17
 7448.50     7.740E-17
 7450.00     7.684E-17
 7451.50     7.712E-17
 7453.00     7.670E-17
 7454.50     7.586E-17
 7456.00     7.608E-17
 7457.50     7.608E-17
 7459.00     7.768E-17
 7460.50     7.640E-17
 7462.00     7.668E-17
 7463.50     7.711E-17
 7465.00     7.683E-17
 7466.50     7.602E-17
 7468.00     7.594E-17
 7469.50     7.661E-17
 7471.00     7.612E-17
 7472.50     7.596E-17
 7474.00     7.575E-17
 7475.50     7.697E-17
 7477.00     7.532E-17
 7478.50     7.748E-17
 7480.00     7.631E-17
 7481.50     7.393E-17
 7483.00     7.576E-17
 7484.50     7.641E-17
 7486.00     7.501E-17
 7487.50     7.529E-17
 7489.00     7.455E-17
 7490.50     7.439E-17
 7492.00     7.654E-17
 7493.50     7.669E-17
 7495.00     7.627E-17
 7496.50     7.637E-17
 7498.00     7.631E-17
 7499.50     7.498E-17
 7501.00     7.503E-17
 7502.50     7.466E-17
 7504.00     7.607E-17
 7505.50     7.592E-17
 7507.00     7.734E-17
 7508.50     7.545E-17
 7510.00     7.450E-17
 7511.50     7.636E-17
 7513.00     7.462E-17
 7514.50     7.499E-17
 7516.00     7.382E-17
 7517.50     7.423E-17
 7519.00     7.579E-17
 7520.50     7.756E-17
 7522.00     7.564E-17
 7523.50     7.690E-17
 7525.00     7.693E-17
 7526.50     7.687E-17
 7528.00     7.588E-17
 7529.50     7.479E-17
 7531.00     7.530E-17
 7532.50     7.434E-17
 7534.00     7.322E-17
 7535.50     7.467E-17
 7537.00     7.553E-17
 7538.50     7.530E-17
 7540.00     7.493E-17
 7541.50     7.423E-17
 7543.00     7.378E-17
 7544.50     7.434E-17
 7546.00     7.460E-17
 7547.50     7.454E-17
 7549.00     7.470E-17
 7550.50     7.482E-17
 7552.00     7.453E-17
 7553.50     7.348E-17
 7555.00     7.522E-17
 7556.50     7.435E-17
 7558.00     7.375E-17
 7559.50     7.453E-17
 7561.00     7.336E-17
 7562.50     7.222E-17
 7564.00     7.222E-17
 7565.50     7.333E-17
 7567.00     7.475E-17
 7568.50     7.438E-17
 7570.00     7.408E-17
 7571.50     7.367E-17
 7573.00     7.306E-17
 7574.50     7.265E-17
 7576.00     7.400E-17
 7577.50     7.454E-17
 7579.00     7.321E-17
 7580.50     7.384E-17
 7582.00     7.164E-17
 7583.50     7.279E-17
 7585.00     7.341E-17
 7586.50     7.230E-17
 7588.00     7.241E-17
 7589.50     7.329E-17
 7591.00     7.664E-17
 7592.50     7.858E-17
 7594.00     8.369E-17
 7595.50     8.481E-17
 7597.00     8.014E-17
 7598.50     7.340E-17
 7600.00     7.149E-17
 7601.50     6.521E-17
 7603.00     5.931E-17
 7604.50     5.517E-17
 7606.00     4.914E-17
 7607.50     4.878E-17
 7609.00     4.962E-17
 7610.50     5.399E-17
 7612.00     5.373E-17
 7613.50     5.447E-17
 7615.00     5.768E-17
 7616.50     5.892E-17
 7618.00     6.174E-17
 7619.50     6.833E-17
 7621.00     7.459E-17
 7622.50     7.761E-17
 7624.00     7.578E-17
 7625.50     6.853E-17
 7627.00     6.659E-17
 7628.50     6.825E-17
 7630.00     7.011E-17
 7631.50     6.901E-17
 7633.00     6.581E-17
 7634.50     6.246E-17
 7636.00     6.426E-17
 7637.50     6.318E-17
 7639.00     6.345E-17
 7640.50     6.474E-17
 7642.00     6.575E-17
 7643.50     6.480E-17
 7645.00     6.670E-17
 7646.50     6.542E-17
 7648.00     6.481E-17
 7649.50     6.885E-17
 7651.00     6.980E-17
 7652.50     6.770E-17
 7654.00     6.978E-17
 7655.50     7.164E-17
 7657.00     6.794E-17
 7658.50     6.631E-17
 7660.00     6.955E-17
 7661.50     6.973E-17
 7663.00     6.934E-17
 7664.50     7.132E-17
 7666.00     7.155E-17
 7667.50     7.035E-17
 7669.00     6.987E-17
 7670.50     7.257E-17
 7672.00     7.319E-17
 7673.50     7.038E-17
 7675.00     6.950E-17
 7676.50     7.349E-17
 7678.00     7.352E-17
 7679.50     7.130E-17
 7681.00     7.055E-17
 7682.50     7.241E-17
 7684.00     7.109E-17
 7685.50     7.122E-17
 7687.00     7.106E-17
 7688.50     7.004E-17
 7690.00     7.185E-17
 7691.50     7.125E-17
 7693.00     7.128E-17
 7694.50     7.148E-17
 7696.00     7.404E-17
 7697.50     7.319E-17
 7699.00     7.169E-17
 7700.50     7.153E-17
 7702.00     7.152E-17
 7703.50     7.323E-17
 7705.00     7.261E-17
 7706.50     7.238E-17
 7708.00     7.136E-17
 7709.50     7.090E-17
 7711.00     7.054E-17
 7712.50     7.322E-17
 7714.00     7.292E-17
 7715.50     7.357E-17
 7717.00     7.376E-17
 7718.50     7.160E-17
 7720.00     7.015E-17
 7721.50     6.975E-17
 7723.00     7.115E-17
 7724.50     7.077E-17
 7726.00     7.089E-17
 7727.50     7.184E-17
 7729.00     7.120E-17
 7730.50     6.921E-17
 7732.00     6.960E-17
 7733.50     7.009E-17
 7735.00     6.819E-17
 7736.50     6.665E-17
 7738.00     6.740E-17
 7739.50     6.933E-17
 7741.00     6.884E-17
 7742.50     6.893E-17
 7744.00     6.889E-17
 7745.50     6.864E-17
 7747.00     6.851E-17
 7748.50     6.816E-17
 7750.00     6.772E-17
 7751.50     6.808E-17
 7753.00     6.868E-17
 7754.50     6.829E-17
 7756.00     6.823E-17
 7757.50     6.825E-17
 7759.00     6.951E-17
 7760.50     6.654E-17
 7762.00     6.495E-17
 7763.50     6.651E-17
 7765.00     6.779E-17
 7766.50     6.802E-17
 7768.00     6.813E-17
 7769.50     6.751E-17
 7771.00     6.700E-17
 7772.50     6.793E-17
 7774.00     6.902E-17
 7775.50     6.755E-17
 7777.00     6.691E-17
 7778.50     6.566E-17
 7780.00     6.833E-17
 7781.50     6.785E-17
 7783.00     6.861E-17
 7784.50     6.814E-17
 7786.00     6.800E-17
 7787.50     6.918E-17
 7789.00     6.802E-17
 7790.50     6.657E-17
 7792.00     6.682E-17
 7793.50     6.877E-17
 7795.00     6.819E-17
 7796.50     6.916E-17
 7798.00     6.884E-17
 7799.50     6.871E-17
 7801.00     6.613E-17
 7802.50     6.743E-17
 7804.00     7.001E-17
 7805.50     6.842E-17
 7807.00     6.828E-17
 7808.50     6.655E-17
 7810.00     6.842E-17
 7811.50     6.879E-17
 7813.00     6.815E-17
 7814.50     6.779E-17
 7816.00     6.855E-17
 7817.50     6.797E-17
 7819.00     6.846E-17
 7820.50     6.997E-17
 7822.00     6.738E-17
 7823.50     6.670E-17
 7825.00     6.773E-17
 7826.50     6.845E-17
 7828.00     7.011E-17
 7829.50     6.883E-17
 7831.00     6.767E-17
 7832.50     6.862E-17
 7834.00     6.805E-17
 7835.50     6.645E-17
 7837.00     6.743E-17
 7838.50     6.836E-17
 7840.00     6.885E-17
 7841.50     6.960E-17
 7843.00     6.897E-17
 7844.50     6.791E-17
 7846.00     6.710E-17
 7847.50     6.698E-17
 7849.00     6.405E-17
 7850.50     6.171E-17
 7852.00     5.071E-17
 7853.50     3.762E-17
 7855.00     3.576E-17
 7856.50     3.929E-17
 7858.00     5.010E-17
 7859.50     6.082E-17
 7861.00     6.571E-17
 7862.50     6.941E-17
 7864.00     6.941E-17
 7865.50     6.982E-17
 7867.00     6.950E-17
 7868.50     6.856E-17
 7870.00     6.621E-17
 7871.50     5.793E-17
 7873.00     4.611E-17
 7874.50     3.607E-17
 7876.00     3.470E-17
 7877.50     4.635E-17
 7879.00     6.042E-17
 7880.50     6.685E-17
 7882.00     6.875E-17
 7883.50     6.878E-17
 7885.00     6.995E-17
 7886.50     6.972E-17
 7888.00     6.643E-17
 7889.50     6.690E-17
 7891.00     6.860E-17
 7892.50     6.837E-17
 7894.00     6.771E-17
 7895.50     6.824E-17
 7897.00     6.818E-17
 7898.50     6.853E-17
 7900.00     6.934E-17
 7901.50     6.969E-17
 7903.00     7.037E-17
 7904.50     6.921E-17
 7906.00     6.978E-17
 7907.50     7.014E-17
 7909.00     7.067E-17
 7910.50     7.078E-17
 7912.00     7.108E-17
 7913.50     7.037E-17
 7915.00     6.893E-17
 7916.50     6.850E-17
 7918.00     6.923E-17
 7919.50     6.831E-17
 7921.00     6.859E-17
 7922.50     7.029E-17
 7924.00     6.956E-17
 7925.50     7.035E-17
 7927.00     7.192E-17
 7928.50     7.118E-17
 7930.00     7.046E-17
 7931.50     6.973E-17
 7933.00     6.852E-17
 7934.50     6.893E-17
 7936.00     7.016E-17
 7937.50     7.088E-17
 7939.00     7.058E-17
 7940.50     7.015E-17
 7942.00     7.169E-17
 7943.50     7.078E-17
 7945.00     6.957E-17
 7946.50     6.888E-17
 7948.00     7.078E-17
 7949.50     7.257E-17
 7951.00     7.159E-17
 7952.50     7.127E-17
 7954.00     7.091E-17
 7955.50     7.006E-17
 7957.00     7.003E-17
 7958.50     7.152E-17
 7960.00     7.076E-17
 7961.50     6.915E-17
 7963.00     6.995E-17
 7964.50     7.106E-17
 7966.00     7.129E-17
 7967.50     7.148E-17
 7969.00     7.115E-17
 7970.50     7.226E-17
 7972.00     7.186E-17
 7973.50     7.141E-17
 7975.00     6.992E-17
 7976.50     7.026E-17
 7978.00     7.115E-17
 7979.50     7.225E-17
 7981.00     7.122E-17
 7982.50     6.925E-17
 7984.00     6.923E-17
 7985.50     7.156E-17
 7987.00     7.234E-17
 7988.50     7.089E-17
 7990.00     7.136E-17
 7991.50     6.986E-17
 7993.00     7.116E-17
 7994.50     7.280E-17
 7996.00     7.268E-17
 7997.50     7.109E-17
 7999.00     7.093E-17
 8000.50     7.226E-17
 8002.00     7.176E-17
 8003.50     7.113E-17
 8005.00     7.334E-17
 8006.50     7.313E-17
 8008.00     7.079E-17
 8009.50     7.028E-17
 8011.00     7.206E-17
 8012.50     6.879E-17
 8014.00     6.397E-17
 8015.50     6.514E-17
 8017.00     6.847E-17
 8018.50     7.031E-17
 8020.00     7.053E-17
 8021.50     7.296E-17
 8023.00     7.311E-17
 8024.50     7.085E-17
 8026.00     7.369E-17
 8027.50     7.193E-17
 8029.00     7.305E-17
 8030.50     7.487E-17
 8032.00     7.401E-17
 8033.50     7.096E-17
 8035.00     7.227E-17
 8036.50     7.522E-17
 8038.00     7.239E-17
 8039.50     7.210E-17
 8041.00     7.196E-17
 8042.50     7.261E-17
 8044.00     7.235E-17
 8045.50     7.178E-17
 8047.00     7.130E-17
 8048.50     7.317E-17
 8050.00     7.216E-17
 8051.50     7.300E-17
 8053.00     7.417E-17
 8054.50     7.388E-17
 8056.00     7.178E-17
 8057.50     7.074E-17
 8059.00     7.385E-17
 8060.50     7.462E-17
 8062.00     7.452E-17
 8063.50     7.361E-17
 8065.00     7.218E-17
 8066.50     7.336E-17
 8068.00     7.395E-17
 8069.50     7.573E-17
 8071.00     7.701E-17
 8072.50     7.678E-17
 8074.00     7.575E-17
 8075.50     7.527E-17
 8077.00     7.635E-17
 8078.50     7.440E-17
 8080.00     7.347E-17
 8081.50     7.510E-17
 8083.00     7.625E-17
 8084.50     7.494E-17
 8086.00     7.310E-17
 8087.50     7.409E-17
 8089.00     7.486E-17
 8090.50     7.671E-17
 8092.00     7.643E-17
 8093.50     7.587E-17
 8095.00     7.686E-17
 8096.50     7.597E-17
 8098.00     7.449E-17
 8099.50     7.414E-17
 8101.00     7.382E-17
 8102.50     7.500E-17
 8104.00     7.493E-17
 8105.50     7.495E-17
 8107.00     7.440E-17
 8108.50     7.636E-17
 8110.00     7.763E-17
 8111.50     7.748E-17
 8113.00     7.444E-17
 8114.50     7.568E-17
 8116.00     7.725E-17
 8117.50     7.667E-17
 8119.00     7.508E-17
 8120.50     7.444E-17
 8122.00     7.581E-17
 8123.50     7.635E-17
 8125.00     7.754E-17
 8126.50     7.750E-17
 8128.00     7.579E-17
 8129.50     7.646E-17
 8131.00     7.718E-17
 8132.50     7.649E-17
 8134.00     7.556E-17
 8135.50     7.585E-17
 8137.00     7.582E-17
 8138.50     7.776E-17
 8140.00     7.725E-17
 8141.50     7.769E-17
 8143.00     7.767E-17
 8144.50     7.664E-17
 8146.00     7.742E-17
 8147.50     7.871E-17
 8149.00     7.636E-17
 8150.50     7.617E-17
 8152.00     7.701E-17
 8153.50     7.743E-17
 8155.00     7.970E-17
 8156.50     7.872E-17
 8158.00     7.857E-17
 8159.50     7.865E-17
 8161.00     7.927E-17
 8162.50     7.908E-17
 8164.00     7.662E-17
 8165.50     7.485E-17
 8167.00     7.628E-17
 8168.50     7.945E-17
 8170.00     8.027E-17
 8171.50     8.029E-17
 8173.00     7.933E-17
 8174.50     8.080E-17
 8176.00     8.359E-17
 8177.50     8.379E-17
 8179.00     8.079E-17
 8180.50     7.909E-17
 8182.00     7.899E-17
 8183.50     8.242E-17
 8185.00     8.441E-17
 8186.50     8.588E-17
 8188.00     8.373E-17
 8189.50     8.369E-17
 8191.00     8.356E-17
 8192.50     8.309E-17
 8194.00     8.321E-17
 8195.50     8.369E-17
 8197.00     8.630E-17
 8198.50     8.609E-17
 8200.00     8.364E-17
 8201.50     8.371E-17
 8203.00     8.394E-17
 8204.50     8.552E-17
 8206.00     8.644E-17
 8207.50     8.860E-17
 8209.00     8.807E-17
 8210.50     8.693E-17
 8212.00     8.656E-17
 8213.50     8.770E-17
 8215.00     8.758E-17
 8216.50     8.797E-17
 8218.00     8.793E-17
 8219.50     8.683E-17
 8221.00     8.431E-17
 8222.50     8.610E-17
 8224.00     8.644E-17
 8225.50     8.664E-17
 8227.00     8.519E-17
 8228.50     8.304E-17
 8230.00     7.792E-17
 8231.50     7.486E-17
 8233.00     7.632E-17
 8234.50     7.742E-17
 8236.00     8.004E-17
 8237.50     7.978E-17
 8239.00     8.201E-17
 8240.50     8.131E-17
 8242.00     8.231E-17
 8243.50     8.220E-17
 8245.00     8.199E-17
 8246.50     8.171E-17
 8248.00     8.231E-17
 8249.50     8.520E-17
 8251.00     8.626E-17
 8252.50     8.705E-17
 8254.00     8.584E-17
 8255.50     8.392E-17
 8257.00     8.237E-17
 8258.50     8.142E-17
 8260.00     8.047E-17
 8261.50     8.033E-17
 8263.00     8.199E-17
 8264.50     8.058E-17
 8266.00     7.949E-17
 8267.50     8.071E-17
 8269.00     8.115E-17
 8270.50     8.189E-17
 8272.00     8.258E-17
 8273.50     8.057E-17
 8275.00     7.880E-17
 8276.50     7.811E-17
 8278.00     7.566E-17
 8279.50     7.763E-17
 8281.00     7.608E-17
 8282.50     7.576E-17
 8284.00     7.593E-17
 8285.50     7.532E-17
 8287.00     7.484E-17
 8288.50     7.650E-17
 8290.00     7.723E-17
 8291.50     7.405E-17
 8293.00     7.721E-17
 8294.50     7.952E-17
 8296.00     7.645E-17
 8297.50     7.494E-17
 8299.00     7.723E-17
 8300.50     7.877E-17
 8302.00     7.819E-17
 8303.50     7.683E-17
 8305.00     7.567E-17
 8306.50     7.207E-17
 8308.00     7.265E-17
 8309.50     7.481E-17
 8311.00     7.670E-17
 8312.50     7.649E-17
 8314.00     7.488E-17
 8315.50     7.566E-17
 8317.00     7.439E-17
 8318.50     7.452E-17
 8320.00     7.188E-17
 8321.50     7.068E-17
 8323.00     7.132E-17
 8324.50     7.289E-17
 8326.00     7.183E-17
 8327.50     7.368E-17
 8329.00     7.363E-17
 8330.50     7.460E-17
 8332.00     7.242E-17
 8333.50     7.172E-17
 8335.00     7.282E-17
 8336.50     7.132E-17
 8338.00     7.289E-17
 8339.50     7.213E-17
 8341.00     7.002E-17
 8342.50     7.162E-17
 8344.00     7.457E-17
 8345.50     7.434E-17
 8347.00     7.477E-17
 8348.50     7.431E-17
 8350.00     7.404E-17
 8351.50     7.228E-17
 8353.00     7.206E-17
 8354.50     7.305E-17
 8356.00     7.122E-17
 8357.50     7.048E-17
 8359.00     7.308E-17
 8360.50     7.152E-17
 8362.00     6.971E-17
 8363.50     7.095E-17
 8365.00     7.038E-17
 8366.50     7.221E-17
 8368.00     7.176E-17
 8369.50     7.209E-17
 8371.00     7.206E-17
 8372.50     7.165E-17
 8374.00     7.212E-17
 8375.50     7.254E-17
 8377.00     7.285E-17
 8378.50     7.161E-17
 8380.00     7.019E-17
 8381.50     7.097E-17
 8383.00     7.201E-17
 8384.50     7.153E-17
 8386.00     7.056E-17
 8387.50     7.049E-17
 8389.00     7.074E-17
 8390.50     6.912E-17
 8392.00     6.926E-17
 8393.50     7.046E-17
 8395.00     7.192E-17
 8396.50     7.135E-17
 8398.00     7.085E-17
 8399.50     7.012E-17
 8401.00     6.997E-17
 8402.50     7.276E-17
 8404.00     7.368E-17
 8405.50     7.371E-17
 8407.00     7.176E-17
 8408.50     7.169E-17
 8410.00     7.140E-17
 8411.50     7.138E-17
 8413.00     7.059E-17
 8414.50     7.148E-17
 8416.00     7.132E-17
 8417.50     6.940E-17
 8419.00     7.007E-17
 8420.50     7.063E-17
 8422.00     7.056E-17
 8423.50     7.042E-17
 8425.00     6.894E-17
 8426.50     6.986E-17
 8428.00     7.092E-17
 8429.50     7.224E-17
 8431.00     7.099E-17
 8432.50     6.940E-17
 8434.00     6.743E-17
 8435.50     6.812E-17
 8437.00     6.967E-17
 8438.50     6.942E-17
 8440.00     6.881E-17
 8441.50     6.956E-17
 8443.00     6.878E-17
 8444.50     6.877E-17
 8446.00     6.799E-17
 8447.50     6.773E-17
 8449.00     6.802E-17
 8450.50     6.804E-17
 8452.00     6.960E-17
 8453.50     6.749E-17
 8455.00     6.703E-17
 8456.50     6.793E-17
 8458.00     6.906E-17
 8459.50     6.932E-17
 8461.00     6.952E-17
 8462.50     6.988E-17
 8464.00     6.758E-17
 8465.50     6.947E-17
 8467.00     6.985E-17
 8468.50     6.954E-17
 8470.00     6.832E-17
 8471.50     6.865E-17
 8473.00     6.938E-17
 8474.50     7.032E-17
 8476.00     7.085E-17
 8477.50     6.826E-17
 8479.00     6.736E-17
 8480.50     6.785E-17
 8482.00     6.881E-17
 8483.50     6.792E-17
 8485.00     6.639E-17
 8486.50     6.619E-17
 8488.00     6.629E-17
 8489.50     6.605E-17
 8491.00     6.751E-17
 8492.50     6.797E-17
 8494.00     6.777E-17
 8495.50     6.707E-17
 8497.00     6.823E-17
 8498.50     6.783E-17
 8500.00     6.629E-17
 8501.50     6.652E-17
 8503.00     6.814E-17
 8504.50     6.862E-17
 8506.00     6.639E-17
 8507.50     6.509E-17
 8509.00     6.295E-17
 8510.50     6.620E-17
 8512.00     6.890E-17
 8513.50     6.769E-17
 8515.00     6.570E-17
 8516.50     6.509E-17
 8518.00     6.660E-17
 8519.50     6.610E-17
 8521.00     6.696E-17
 8522.50     6.647E-17
 8524.00     6.619E-17
 8525.50     6.647E-17
 8527.00     6.603E-17
 8528.50     6.641E-17
 8530.00     6.670E-17
 8531.50     6.589E-17
 8533.00     6.579E-17
 8534.50     6.563E-17
 8536.00     6.412E-17
 8537.50     6.529E-17
 8539.00     6.639E-17
 8540.50     6.471E-17
 8542.00     6.452E-17
 8543.50     6.542E-17
 8545.00     6.429E-17
 8546.50     6.545E-17
 8548.00     6.638E-17
 8549.50     6.597E-17
 8551.00     6.551E-17
 8552.50     6.396E-17
 8554.00     6.330E-17
 8555.50     6.435E-17
 8557.00     6.483E-17
 8558.50     6.437E-17
 8560.00     6.377E-17
 8561.50     6.377E-17
 8563.00     6.545E-17
 8564.50     6.375E-17
 8566.00     6.277E-17
 8567.50     6.441E-17
 8569.00     6.380E-17
 8570.50     6.405E-17
 8572.00     6.387E-17
 8573.50     6.271E-17
 8575.00     6.397E-17
 8576.50     6.480E-17
 8578.00     6.380E-17
 8579.50     6.355E-17
 8581.00     6.381E-17
 8582.50     6.488E-17
 8584.00     6.303E-17
 8585.50     6.359E-17
 8587.00     6.441E-17
 8588.50     6.321E-17
 8590.00     6.328E-17
 8591.50     6.477E-17
 8593.00     6.506E-17
 8594.50     6.460E-17
 8596.00     6.238E-17
 8597.50     6.219E-17
 8599.00     6.450E-17
 8600.50     6.461E-17
 8602.00     6.574E-17
 8603.50     6.442E-17
 8605.00     6.486E-17
 8606.50     6.434E-17
 8608.00     6.270E-17
 8609.50     6.472E-17
 8611.00     6.197E-17
 8612.50     6.116E-17
 8614.00     6.191E-17
 8615.50     6.385E-17
 8617.00     6.387E-17
 8618.50     6.030E-17
 8620.00     6.095E-17
 8621.50     6.077E-17
 8623.00     6.008E-17
 8624.50     6.168E-17
 8626.00     6.352E-17
 8627.50     6.408E-17
 8629.00     6.225E-17
 8630.50     6.255E-17
 8632.00     6.359E-17
 8633.50     6.085E-17
 8635.00     6.341E-17
 8636.50     6.424E-17
 8638.00     6.437E-17
 8639.50     6.484E-17
 8641.00     6.374E-17
 8642.50     6.424E-17
 8644.00     6.334E-17
 8645.50     6.398E-17
 8647.00     6.594E-17
 8648.50     6.512E-17
 8650.00     6.170E-17
 8651.50     6.298E-17
 8653.00     6.438E-17
 8654.50     6.384E-17
 8656.00     6.304E-17
 8657.50     6.280E-17
 8659.00     6.314E-17
 8660.50     6.413E-17
 8662.00     6.523E-17
 8663.50     6.391E-17
 8665.00     6.142E-17
 8666.50     6.438E-17
 8668.00     6.482E-17
 8669.50     6.532E-17
 8671.00     6.485E-17
 8672.50     6.563E-17
 8674.00     6.445E-17
 8675.50     6.212E-17
 8677.00     6.260E-17
 8678.50     6.151E-17
 8680.00     6.261E-17
 8681.50     6.187E-17
 8683.00     6.260E-17
 8684.50     6.330E-17
 8686.00     6.526E-17
 8687.50     6.392E-17
 8689.00     6.427E-17
 8690.50     6.534E-17
 8692.00     6.341E-17
 8693.50     6.443E-17
 8695.00     6.793E-17
 8696.50     6.709E-17
 8698.00     6.352E-17
 8699.50     6.323E-17
 8701.00     6.434E-17
 8702.50     6.417E-17
 8704.00     6.383E-17
 8705.50     6.461E-17
 8707.00     6.485E-17
 8708.50     6.526E-17
 8710.00     6.534E-17
 8711.50     6.567E-17
 8713.00     6.499E-17
 8714.50     6.348E-17
 8716.00     6.427E-17
 8717.50     6.437E-17
 8719.00     6.345E-17
 8720.50     6.192E-17
 8722.00     6.409E-17
 8723.50     6.476E-17
 8725.00     6.522E-17
 8726.50     6.436E-17
 8728.00     6.505E-17
 8729.50     6.563E-17
 8731.00     6.336E-17
 8732.50     6.242E-17
 8734.00     6.283E-17
 8735.50     6.415E-17
 8737.00     6.515E-17
 8738.50     6.448E-17
 8740.00     6.434E-17
 8741.50     6.480E-17
 8743.00     6.428E-17
 8744.50     6.422E-17
 8746.00     6.481E-17
 8747.50     6.407E-17
 8749.00     6.369E-17
 8750.50     6.225E-17
 8752.00     6.310E-17
 8753.50     6.321E-17
 8755.00     6.383E-17
 8756.50     6.346E-17
 8758.00     6.475E-17
 8759.50     6.418E-17
 8761.00     6.317E-17
 8762.50     6.498E-17
 8764.00     6.409E-17
 8765.50     6.475E-17
 8767.00     6.274E-17
 8768.50     6.506E-17
 8770.00     6.537E-17
 8771.50     6.061E-17
 8773.00     6.395E-17
 8774.50     6.213E-17
 8776.00     6.522E-17
 8777.50     6.655E-17
 8779.00     6.677E-17
 8780.50     6.559E-17
 8782.00     6.415E-17
 8783.50     6.412E-17
 8785.00     6.108E-17
 8786.50     6.106E-17
 8788.00     6.168E-17
 8789.50     6.234E-17
 8791.00     6.233E-17
 8792.50     6.112E-17
 8794.00     6.017E-17
 8795.50     6.312E-17
 8797.00     6.543E-17
 8798.50     6.396E-17
 8800.00     6.222E-17
 8801.50     6.303E-17
 8803.00     6.214E-17
 8804.50     6.120E-17
 8806.00     6.202E-17
 8807.50     6.140E-17
 8809.00     6.190E-17
 8810.50     6.371E-17
 8812.00     6.253E-17
 8813.50     6.101E-17
 8815.00     6.173E-17
 8816.50     6.187E-17
 8818.00     6.128E-17
 8819.50     6.114E-17
 8821.00     5.972E-17
 8822.50     5.755E-17
 8824.00     5.878E-17
 8825.50     6.230E-17
 8827.00     6.440E-17
 8828.50     5.991E-17
 8830.00     5.826E-17
 8831.50     5.943E-17
 8833.00     6.423E-17
 8834.50     6.426E-17
 8836.00     5.771E-17
 8837.50     5.859E-17
 8839.00     5.887E-17
 8840.50     5.894E-17
 8842.00     6.019E-17
 8843.50     6.233E-17
 8845.00     6.135E-17
 8846.50     6.115E-17
 8848.00     5.878E-17
 8849.50     6.005E-17
 8851.00     6.253E-17
 8852.50     6.142E-17
 8854.00     6.105E-17
 8855.50     6.069E-17
 8857.00     6.006E-17
 8858.50     6.090E-17
 8860.00     6.102E-17
 8861.50     6.170E-17
 8863.00     6.138E-17
 8864.50     6.061E-17
 8866.00     5.946E-17
 8867.50     6.102E-17
 8869.00     6.184E-17
 8870.50     6.020E-17
 8872.00     6.056E-17
 8873.50     6.170E-17
 8875.00     6.219E-17
 8876.50     6.208E-17
 8878.00     6.023E-17
 8879.50     5.980E-17
 8881.00     5.735E-17
 8882.50     5.847E-17
 8884.00     5.777E-17
 8885.50     5.985E-17
 8887.00     6.119E-17
 8888.50     5.738E-17
 8890.00     5.722E-17
 8891.50     5.750E-17
 8893.00     6.102E-17
 8894.50     6.254E-17
 8896.00     6.212E-17
 8897.50     6.195E-17
 8899.00     5.910E-17
 8900.50     6.142E-17
 8902.00     6.044E-17
 8903.50     6.039E-17
 8905.00     5.892E-17
 8906.50     5.797E-17
 8908.00     5.950E-17
 8909.50     5.941E-17
 8911.00     5.923E-17
 8912.50     5.861E-17
 8914.00     5.781E-17
 8915.50     5.859E-17
 8917.00     5.854E-17
 8918.50     5.811E-17
 8920.00     5.753E-17
 8921.50     6.019E-17
 8923.00     6.339E-17
 8924.50     5.931E-17
 8926.00     5.682E-17
 8927.50     5.837E-17
 8929.00     5.838E-17
 8930.50     6.029E-17
 8932.00     5.811E-17
 8933.50     5.646E-17
 8935.00     5.778E-17
 8936.50     5.923E-17
 8938.00     5.918E-17
 8939.50     5.878E-17
 8941.00     5.722E-17
 8942.50     6.052E-17
 8944.00     6.166E-17
 8945.50     5.849E-17
 8947.00     5.789E-17
 8948.50     5.800E-17
 8950.00     5.851E-17
 8951.50     5.850E-17
 8953.00     5.808E-17
 8954.50     5.961E-17
 8956.00     5.555E-17
 8957.50     5.855E-17
 8959.00     6.020E-17
 8960.50     5.878E-17
 8962.00     5.689E-17
 8963.50     5.764E-17
 8965.00     5.734E-17
 8966.50     5.428E-17
 8968.00     5.381E-17
 8969.50     5.500E-17
 8971.00     5.580E-17
 8972.50     5.480E-17
 8974.00     5.469E-17
 8975.50     5.568E-17
 8977.00     5.641E-17
 8978.50     5.718E-17
 8980.00     5.895E-17
 8981.50     5.774E-17
 8983.00     5.446E-17
 8984.50     5.434E-17
 8986.00     5.827E-17
 8987.50     5.690E-17
 8989.00     5.611E-17
 8990.50     5.593E-17
 8992.00     5.256E-17
 8993.50     5.060E-17
 8995.00     4.984E-17
 8996.50     5.096E-17
 8998.00     5.302E-17
 8999.50     5.602E-17
 9001.00     5.890E-17
 9002.50     5.681E-17
 9004.00     5.211E-17
 9005.50     5.123E-17
 9007.00     5.510E-17
 9008.50     5.630E-17
 9010.00     5.504E-17
 9011.50     5.623E-17
 9013.00     5.672E-17
 9014.50     5.646E-17
 9016.00     5.689E-17
 9017.50     5.585E-17
 9019.00     5.473E-17
 9020.50     5.270E-17
 9022.00     5.336E-17
 9023.50     5.495E-17
 9025.00     5.391E-17
 9026.50     5.502E-17
 9028.00     5.505E-17
 9029.50     5.414E-17
 9031.00     5.423E-17
 9032.50     5.495E-17
 9034.00     5.647E-17
 9035.50     5.788E-17
 9037.00     5.851E-17
 9038.50     5.704E-17
 9040.00     5.476E-17
 9041.50     5.505E-17
 9043.00     5.500E-17
 9044.50     5.492E-17
 9046.00     5.712E-17
 9047.50     5.462E-17
 9049.00     5.692E-17
 9050.50     5.623E-17
 9052.00     5.607E-17
 9053.50     5.628E-17
 9055.00     5.439E-17
 9056.50     5.529E-17
 9058.00     5.620E-17
 9059.50     5.739E-17
 9061.00     5.829E-17
 9062.50     5.685E-17
 9064.00     5.468E-17
 9065.50     5.481E-17
 9067.00     5.625E-17
 9068.50     5.637E-17
 9070.00     5.626E-17
 9071.50     5.611E-17
 9073.00     5.342E-17
 9074.50     5.198E-17
 9076.00     5.416E-17
 9077.50     5.603E-17
 9079.00     5.671E-17
 9080.50     5.467E-17
 9082.00     5.440E-17
 9083.50     5.372E-17
 9085.00     5.200E-17
 9086.50     5.307E-17
 9088.00     5.518E-17
 9089.50     5.320E-17
 9091.00     5.364E-17
 9092.50     5.462E-17
 9094.00     5.501E-17
 9095.50     5.740E-17
 9097.00     5.568E-17
 9098.50     5.334E-17
 9100.00     5.602E-17
 9101.50     5.534E-17
 9103.00     5.277E-17
 9104.50     5.253E-17
 9106.00     5.517E-17
 9107.50     5.400E-17
 9109.00     5.368E-17
 9110.50     5.303E-17
 9112.00     5.229E-17
 9113.50     5.529E-17
 9115.00     5.786E-17
 9116.50     5.853E-17
 9118.00     5.551E-17
 9119.50     5.466E-17
 9121.00     5.522E-17
 9122.50     5.552E-17
 9124.00     5.556E-17
 9125.50     5.583E-17
 9127.00     5.708E-17
 9128.50     5.948E-17
 9130.00     5.847E-17
 9131.50     5.544E-17
 9133.00     5.540E-17
 9134.50     5.301E-17
 9136.00     5.369E-17
 9137.50     5.320E-17
 9139.00     5.189E-17
 9140.50     5.157E-17
 9142.00     5.332E-17
 9143.50     5.601E-17
 9145.00     5.650E-17
 9146.50     5.654E-17
 9148.00     5.575E-17
 9149.50     5.660E-17
 9151.00     5.775E-17
 9152.50     5.631E-17
 9154.00     5.327E-17
 9155.50     4.929E-17
 9157.00     5.011E-17
 9158.50     5.144E-17
 9160.00     5.257E-17
 9161.50     5.406E-17
 9163.00     5.503E-17
 9164.50     5.707E-17
 9166.00     5.742E-17
 9167.50     5.849E-17
 9169.00     5.641E-17
 9170.50     5.504E-17
 9172.00     5.481E-17
 9173.50     5.452E-17
 9175.00     5.476E-17
 9176.50     5.391E-17
 9178.00     5.351E-17
 9179.50     5.346E-17
 9181.00     5.367E-17
 9182.50     5.670E-17
 9184.00     5.808E-17
 9185.50     5.644E-17
 9187.00     5.575E-17
 9188.50     5.465E-17
 9190.00     5.594E-17
 9191.50     5.810E-17
 9193.00     5.859E-17
 9194.50     5.738E-17
 9196.00     5.763E-17
 9197.50     5.543E-17
 9199.00     4.812E-17
 9200.50     0.000E+00
 9202.00     0.000E+00
 9203.50     0.000E+00
 9205.00     0.000E+00
 9206.50     0.000E+00
 9208.00     0.000E+00
 9209.50     0.000E+00
 9211.00     0.000E+00
 9212.50     0.000E+00
 9214.00     0.000E+00
 9215.50     0.000E+00
 9217.00     0.000E+00
 9218.50     0.000E+00
 9220.00     0.000E+00
 9221.50     0.000E+00
 9223.00     0.000E+00
 9224.50     0.000E+00
 9226.00     0.000E+00
 9227.50     0.000E+00
 9229.00     0.000E+00
 9230.50     0.000E+00
 9232.00     0.000E+00
 9233.50     0.000E+00
 9235.00     0.000E+00
 9236.50     0.000E+00
 9238.00     0.000E+00
 9239.50     0.000E+00
 9241.00     0.000E+00
 9242.50     0.000E+00
 9244.00     0.000E+00
 9245.50     0.000E+00
 9247.00     0.000E+00
 9248.50     0.000E+00
 9250.00     0.000E+00
 9251.50     0.000E+00
 9253.00     0.000E+00
 9254.50     0.000E+00
 9256.00     0.000E+00
 9257.50     0.000E+00
 9259.00     0.000E+00
 9260.50     0.000E+00
 9262.00     0.000E+00
 9263.50     0.000E+00
 9265.00     0.000E+00
 9266.50     0.000E+00
 9268.00     0.000E+00
 9269.50     0.000E+00
 9271.00     0.000E+00
 9272.50     0.000E+00
 9274.00     0.000E+00
 9275.50     0.000E+00
 9277.00     0.000E+00
 9278.50     0.000E+00
 9280.00     0.000E+00
 9281.50     0.000E+00
 9283.00     0.000E+00
 9284.50     0.000E+00
 9286.00     0.000E+00
 9287.50     0.000E+00
 9289.00     0.000E+00
 9290.50     0.000E+00
 9292.00     0.000E+00
 9293.50     0.000E+00
 9295.00     0.000E+00
 9296.50     0.000E+00
 9298.00     0.000E+00
 9299.50     0.000E+00
 9301.00     0.000E+00
 9302.50     0.000E+00
 9304.00     0.000E+00
 9305.50     0.000E+00
 9307.00     0.000E+00
 9308.50     0.000E+00
 9310.00     0.000E+00
 9311.50     0.000E+00
 9313.00     0.000E+00
 9314.50     0.000E+00
 9316.00     0.000E+00
 9317.50     0.000E+00
 9319.00     0.000E+00
 9320.50     0.000E+00
 9322.00     0.000E+00
 9323.50     0.000E+00
 9325.00     0.000E+00
 9326.50     0.000E+00
 9328.00     0.000E+00
 9329.50     0.000E+00
 9331.00     0.000E+00
 9332.50     0.000E+00
 9334.00     0.000E+00
 9335.50     0.000E+00
 9337.00     0.000E+00
 9338.50     0.000E+00
 9340.00     0.000E+00
 9341.50     0.000E+00
 9343.00     0.000E+00
 9344.50     0.000E+00
 9346.00     0.000E+00
 9347.50     0.000E+00
 9349.00     0.000E+00
 9350.50     0.000E+00
 9352.00     0.000E+00
 9353.50     0.000E+00
 9355.00     0.000E+00
 9356.50     0.000E+00
 9358.00     0.000E+00
 9359.50     0.000E+00
 9361.00     0.000E+00
 9362.50     0.000E+00
 9364.00     0.000E+00
 9365.50     0.000E+00
 9367.00     0.000E+00
 9368.50     0.000E+00
 9370.00     0.000E+00
 9371.50     0.000E+00
 9373.00     0.000E+00
 9374.50     0.000E+00
 9376.00     0.000E+00
 9377.50     0.000E+00
 9379.00     0.000E+00
 9380.50     0.000E+00
 9382.00     0.000E+00
 9383.50     0.000E+00
 9385.00     0.000E+00
 9386.50     0.000E+00
 9388.00     0.000E+00
 9389.50     0.000E+00
 9391.00     0.000E+00
 9392.50     0.000E+00
 9394.00     0.000E+00
 9395.50     0.000E+00
 9397.00     0.000E+00
 9398.50     0.000E+00
 9400.00     0.000E+00
 9401.50     0.000E+00
 9403.00     0.000E+00
 9404.50     0.000E+00
 9406.00     0.000E+00
 9407.50     0.000E+00
 9409.00     0.000E+00
 9410.50     0.000E+00
 9412.00     0.000E+00
 9413.50     0.000E+00
 9415.00     0.000E+00
 9416.50     0.000E+00
 9418.00     0.000E+00
 9419.50     0.000E+00
 9421.00     0.000E+00
 9422.50     0.000E+00
 9424.00     0.000E+00
 9425.50     0.000E+00
 9427.00     0.000E+00
 9428.50     0.000E+00
 9430.00     0.000E+00
 9431.50     0.000E+00
 9433.00     0.000E+00
 9434.50     0.000E+00
 9436.00     0.000E+00
 9437.50     0.000E+00
 9439.00     0.000E+00
 9440.50     0.000E+00
 9442.00     0.000E+00
 9443.50     0.000E+00
 9445.00     0.000E+00
 9446.50     0.000E+00
 9448.00     0.000E+00
 9449.50     0.000E+00
 9451.00     0.000E+00
 9452.50     0.000E+00
 9454.00     0.000E+00
 9455.50     0.000E+00
 9457.00     0.000E+00
 9458.50     0.000E+00
 9460.00     0.000E+00
 9461.50     0.000E+00
 9463.00     0.000E+00
 9464.50     0.000E+00
 9466.00     0.000E+00
 9467.50     0.000E+00
 9469.00     0.000E+00
 9470.50     0.000E+00
 9472.00     0.000E+00
 9473.50     0.000E+00
 9475.00     0.000E+00
 9476.50     0.000E+00
 9478.00     0.000E+00
 9479.50     0.000E+00
 9481.00     0.000E+00
 9482.50     0.000E+00
 9484.00     0.000E+00
 9485.50     0.000E+00
 9487.00     0.000E+00
 9488.50     0.000E+00
 9490.00     0.000E+00
 9491.50     0.000E+00
 9493.00     0.000E+00
 9494.50     0.000E+00
 9496.00     0.000E+00
 9497.50     0.000E+00
 9499.00     0.000E+00
 9500.50     0.000E+00
 9502.00     0.000E+00
 9503.50     0.000E+00
 9505.00     0.000E+00
 9506.50     0.000E+00
 9508.00     0.000E+00
 9509.50     0.000E+00
 9511.00     0.000E+00
 9512.50     0.000E+00
 9514.00     0.000E+00
 9515.50     0.000E+00
 9517.00     0.000E+00
 9518.50     0.000E+00
 9520.00     0.000E+00
 9521.50     0.000E+00
 9523.00     0.000E+00
 9524.50     0.000E+00
 9526.00     0.000E+00
 9527.50     0.000E+00
 9529.00     0.000E+00
 9530.50     0.000E+00
 9532.00     0.000E+00
 9533.50     0.000E+00
 9535.00     0.000E+00
 9536.50     0.000E+00
 9538.00     0.000E+00
 9539.50     0.000E+00
 9541.00     0.000E+00
 9542.50     0.000E+00
 9544.00     0.000E+00
 9545.50     0.000E+00
 9547.00     0.000E+00
 9548.50     0.000E+00
 9550.00     0.000E+00
 9551.50     0.000E+00
 9553.00     0.000E+00
 9554.50     0.000E+00
 9556.00     0.000E+00
 9557.50     0.000E+00
 9559.00     0.000E+00
 9560.50     0.000E+00
 9562.00     0.000E+00
 9563.50     0.000E+00
 9565.00     0.000E+00
 9566.50     0.000E+00
 9568.00     0.000E+00
 9569.50     0.000E+00
 9571.00     0.000E+00
 9572.50     0.000E+00
 9574.00     0.000E+00
 9575.50     0.000E+00
 9577.00     0.000E+00
 9578.50     0.000E+00
 9580.00     0.000E+00
 9581.50     0.000E+00
 9583.00     0.000E+00
 9584.50     0.000E+00
 9586.00     0.000E+00
 9587.50     0.000E+00
 9589.00     0.000E+00
 9590.50     0.000E+00
 9592.00     0.000E+00
 9593.50     0.000E+00
 9595.00     0.000E+00
 9596.50     0.000E+00
 9598.00     0.000E+00
 9599.50     0.000E+00
