 Airmass = 1.075, G-Band Flux = 1.16E-16                                         
 # start                                                                         
 3400.00     0.000E+00
 3401.50     3.116E-16
 3403.00     2.943E-16
 3404.50     2.758E-16
 3406.00     2.386E-16
 3407.50     2.736E-16
 3409.00     2.769E-16
 3410.50     2.901E-16
 3412.00     3.262E-16
 3413.50     3.186E-16
 3415.00     3.086E-16
 3416.50     3.151E-16
 3418.00     3.174E-16
 3419.50     2.788E-16
 3421.00     3.004E-16
 3422.50     2.802E-16
 3424.00     2.738E-16
 3425.50     2.688E-16
 3427.00     2.667E-16
 3428.50     2.371E-16
 3430.00     2.819E-16
 3431.50     2.298E-16
 3433.00     2.146E-16
 3434.50     2.110E-16
 3436.00     2.167E-16
 3437.50     2.492E-16
 3439.00     1.890E-16
 3440.50     2.029E-16
 3442.00     1.875E-16
 3443.50     1.962E-16
 3445.00     1.769E-16
 3446.50     1.849E-16
 3448.00     1.659E-16
 3449.50     1.658E-16
 3451.00     1.727E-16
 3452.50     1.668E-16
 3454.00     1.630E-16
 3455.50     1.519E-16
 3457.00     1.644E-16
 3458.50     1.633E-16
 3460.00     1.699E-16
 3461.50     1.657E-16
 3463.00     1.617E-16
 3464.50     1.493E-16
 3466.00     1.543E-16
 3467.50     1.387E-16
 3469.00     1.177E-16
 3470.50     1.574E-16
 3472.00     1.556E-16
 3473.50     1.661E-16
 3475.00     1.573E-16
 3476.50     1.557E-16
 3478.00     1.443E-16
 3479.50     1.459E-16
 3481.00     1.278E-16
 3482.50     1.527E-16
 3484.00     1.520E-16
 3485.50     1.421E-16
 3487.00     1.427E-16
 3488.50     1.399E-16
 3490.00     1.256E-16
 3491.50     1.193E-16
 3493.00     1.403E-16
 3494.50     1.461E-16
 3496.00     1.305E-16
 3497.50     1.229E-16
 3499.00     1.159E-16
 3500.50     1.207E-16
 3502.00     1.379E-16
 3503.50     1.295E-16
 3505.00     1.435E-16
 3506.50     1.080E-16
 3508.00     1.260E-16
 3509.50     1.345E-16
 3511.00     1.244E-16
 3512.50     1.339E-16
 3514.00     1.366E-16
 3515.50     1.186E-16
 3517.00     1.299E-16
 3518.50     1.374E-16
 3520.00     1.536E-16
 3521.50     1.332E-16
 3523.00     1.235E-16
 3524.50     1.675E-16
 3526.00     1.231E-16
 3527.50     1.278E-16
 3529.00     1.669E-16
 3530.50     1.432E-16
 3532.00     1.378E-16
 3533.50     1.350E-16
 3535.00     1.321E-16
 3536.50     1.325E-16
 3538.00     1.446E-16
 3539.50     1.411E-16
 3541.00     1.313E-16
 3542.50     1.472E-16
 3544.00     1.273E-16
 3545.50     1.305E-16
 3547.00     1.249E-16
 3548.50     1.363E-16
 3550.00     1.178E-16
 3551.50     1.152E-16
 3553.00     1.334E-16
 3554.50     1.415E-16
 3556.00     1.464E-16
 3557.50     1.159E-16
 3559.00     1.322E-16
 3560.50     1.181E-16
 3562.00     1.168E-16
 3563.50     1.469E-16
 3565.00     1.490E-16
 3566.50     1.298E-16
 3568.00     1.260E-16
 3569.50     1.305E-16
 3571.00     1.240E-16
 3572.50     1.195E-16
 3574.00     1.203E-16
 3575.50     1.235E-16
 3577.00     1.232E-16
 3578.50     1.228E-16
 3580.00     1.276E-16
 3581.50     1.208E-16
 3583.00     1.153E-16
 3584.50     1.190E-16
 3586.00     1.182E-16
 3587.50     1.189E-16
 3589.00     1.300E-16
 3590.50     1.305E-16
 3592.00     1.491E-16
 3593.50     1.458E-16
 3595.00     1.411E-16
 3596.50     1.618E-16
 3598.00     1.662E-16
 3599.50     1.517E-16
 3601.00     1.631E-16
 3602.50     1.583E-16
 3604.00     1.542E-16
 3605.50     1.337E-16
 3607.00     1.395E-16
 3608.50     1.452E-16
 3610.00     1.427E-16
 3611.50     1.377E-16
 3613.00     1.397E-16
 3614.50     1.343E-16
 3616.00     1.350E-16
 3617.50     1.482E-16
 3619.00     1.402E-16
 3620.50     1.481E-16
 3622.00     1.194E-16
 3623.50     1.266E-16
 3625.00     1.332E-16
 3626.50     1.340E-16
 3628.00     1.286E-16
 3629.50     1.426E-16
 3631.00     1.427E-16
 3632.50     1.306E-16
 3634.00     1.468E-16
 3635.50     1.331E-16
 3637.00     1.368E-16
 3638.50     1.216E-16
 3640.00     1.345E-16
 3641.50     1.283E-16
 3643.00     1.233E-16
 3644.50     1.359E-16
 3646.00     1.094E-16
 3647.50     1.264E-16
 3649.00     1.487E-16
 3650.50     1.274E-16
 3652.00     1.204E-16
 3653.50     1.404E-16
 3655.00     1.378E-16
 3656.50     1.239E-16
 3658.00     1.314E-16
 3659.50     1.418E-16
 3661.00     1.326E-16
 3662.50     1.335E-16
 3664.00     1.185E-16
 3665.50     1.275E-16
 3667.00     1.287E-16
 3668.50     1.135E-16
 3670.00     1.257E-16
 3671.50     1.276E-16
 3673.00     1.287E-16
 3674.50     1.192E-16
 3676.00     1.225E-16
 3677.50     1.180E-16
 3679.00     1.222E-16
 3680.50     1.012E-16
 3682.00     1.116E-16
 3683.50     1.078E-16
 3685.00     1.346E-16
 3686.50     1.190E-16
 3688.00     1.154E-16
 3689.50     1.038E-16
 3691.00     1.283E-16
 3692.50     1.339E-16
 3694.00     1.001E-16
 3695.50     1.246E-16
 3697.00     1.118E-16
 3698.50     1.281E-16
 3700.00     1.235E-16
 3701.50     1.263E-16
 3703.00     1.069E-16
 3704.50     1.071E-16
 3706.00     1.236E-16
 3707.50     1.103E-16
 3709.00     1.102E-16
 3710.50     1.179E-16
 3712.00     1.144E-16
 3713.50     1.164E-16
 3715.00     1.205E-16
 3716.50     1.195E-16
 3718.00     1.193E-16
 3719.50     1.016E-16
 3721.00     1.062E-16
 3722.50     1.190E-16
 3724.00     1.108E-16
 3725.50     1.113E-16
 3727.00     1.115E-16
 3728.50     1.188E-16
 3730.00     1.215E-16
 3731.50     1.203E-16
 3733.00     1.239E-16
 3734.50     1.340E-16
 3736.00     1.244E-16
 3737.50     1.211E-16
 3739.00     1.217E-16
 3740.50     1.062E-16
 3742.00     1.102E-16
 3743.50     1.045E-16
 3745.00     1.106E-16
 3746.50     1.188E-16
 3748.00     1.329E-16
 3749.50     1.228E-16
 3751.00     1.266E-16
 3752.50     1.215E-16
 3754.00     1.214E-16
 3755.50     1.290E-16
 3757.00     1.056E-16
 3758.50     1.223E-16
 3760.00     1.107E-16
 3761.50     1.169E-16
 3763.00     1.183E-16
 3764.50     1.322E-16
 3766.00     1.103E-16
 3767.50     1.185E-16
 3769.00     1.050E-16
 3770.50     1.088E-16
 3772.00     1.115E-16
 3773.50     1.246E-16
 3775.00     1.156E-16
 3776.50     1.266E-16
 3778.00     1.142E-16
 3779.50     1.310E-16
 3781.00     1.177E-16
 3782.50     1.278E-16
 3784.00     1.182E-16
 3785.50     1.199E-16
 3787.00     1.207E-16
 3788.50     1.154E-16
 3790.00     1.174E-16
 3791.50     1.072E-16
 3793.00     1.060E-16
 3794.50     1.296E-16
 3796.00     1.295E-16
 3797.50     1.222E-16
 3799.00     1.224E-16
 3800.50     1.240E-16
 3802.00     1.227E-16
 3803.50     1.162E-16
 3805.00     1.269E-16
 3806.50     1.263E-16
 3808.00     1.162E-16
 3809.50     1.198E-16
 3811.00     1.227E-16
 3812.50     1.246E-16
 3814.00     1.269E-16
 3815.50     1.284E-16
 3817.00     1.270E-16
 3818.50     1.268E-16
 3820.00     1.306E-16
 3821.50     1.176E-16
 3823.00     1.160E-16
 3824.50     1.283E-16
 3826.00     1.219E-16
 3827.50     1.196E-16
 3829.00     1.164E-16
 3830.50     1.236E-16
 3832.00     1.256E-16
 3833.50     1.281E-16
 3835.00     1.326E-16
 3836.50     1.350E-16
 3838.00     1.221E-16
 3839.50     1.243E-16
 3841.00     1.352E-16
 3842.50     1.271E-16
 3844.00     1.229E-16
 3845.50     1.300E-16
 3847.00     1.403E-16
 3848.50     1.313E-16
 3850.00     1.323E-16
 3851.50     1.300E-16
 3853.00     1.493E-16
 3854.50     1.373E-16
 3856.00     1.475E-16
 3857.50     1.399E-16
 3859.00     1.394E-16
 3860.50     1.334E-16
 3862.00     1.422E-16
 3863.50     1.416E-16
 3865.00     1.361E-16
 3866.50     1.267E-16
 3868.00     1.407E-16
 3869.50     1.511E-16
 3871.00     1.426E-16
 3872.50     1.369E-16
 3874.00     1.444E-16
 3875.50     1.347E-16
 3877.00     1.418E-16
 3878.50     1.379E-16
 3880.00     1.322E-16
 3881.50     1.332E-16
 3883.00     1.496E-16
 3884.50     1.415E-16
 3886.00     1.345E-16
 3887.50     1.248E-16
 3889.00     1.399E-16
 3890.50     1.400E-16
 3892.00     1.396E-16
 3893.50     1.521E-16
 3895.00     1.544E-16
 3896.50     1.315E-16
 3898.00     1.353E-16
 3899.50     1.400E-16
 3901.00     1.348E-16
 3902.50     1.441E-16
 3904.00     1.446E-16
 3905.50     1.488E-16
 3907.00     1.477E-16
 3908.50     1.409E-16
 3910.00     1.437E-16
 3911.50     1.495E-16
 3913.00     1.402E-16
 3914.50     1.380E-16
 3916.00     1.467E-16
 3917.50     1.407E-16
 3919.00     1.299E-16
 3920.50     1.438E-16
 3922.00     1.424E-16
 3923.50     1.301E-16
 3925.00     1.402E-16
 3926.50     1.412E-16
 3928.00     1.406E-16
 3929.50     1.432E-16
 3931.00     1.458E-16
 3932.50     1.446E-16
 3934.00     1.413E-16
 3935.50     1.312E-16
 3937.00     1.341E-16
 3938.50     1.425E-16
 3940.00     1.356E-16
 3941.50     1.448E-16
 3943.00     1.419E-16
 3944.50     1.431E-16
 3946.00     1.389E-16
 3947.50     1.271E-16
 3949.00     1.313E-16
 3950.50     1.344E-16
 3952.00     1.386E-16
 3953.50     1.346E-16
 3955.00     1.458E-16
 3956.50     1.397E-16
 3958.00     1.429E-16
 3959.50     1.508E-16
 3961.00     1.356E-16
 3962.50     1.347E-16
 3964.00     1.439E-16
 3965.50     1.415E-16
 3967.00     1.384E-16
 3968.50     1.241E-16
 3970.00     1.199E-16
 3971.50     1.374E-16
 3973.00     1.415E-16
 3974.50     1.403E-16
 3976.00     1.366E-16
 3977.50     1.430E-16
 3979.00     1.424E-16
 3980.50     1.339E-16
 3982.00     1.429E-16
 3983.50     1.322E-16
 3985.00     1.448E-16
 3986.50     1.415E-16
 3988.00     1.530E-16
 3989.50     1.449E-16
 3991.00     1.367E-16
 3992.50     1.358E-16
 3994.00     1.330E-16
 3995.50     1.414E-16
 3997.00     1.361E-16
 3998.50     1.349E-16
 4000.00     1.413E-16
 4001.50     1.353E-16
 4003.00     1.292E-16
 4004.50     1.395E-16
 4006.00     1.396E-16
 4007.50     1.446E-16
 4009.00     1.435E-16
 4010.50     1.309E-16
 4012.00     1.343E-16
 4013.50     1.282E-16
 4015.00     1.288E-16
 4016.50     1.359E-16
 4018.00     1.466E-16
 4019.50     1.356E-16
 4021.00     1.358E-16
 4022.50     1.260E-16
 4024.00     1.371E-16
 4025.50     1.361E-16
 4027.00     1.364E-16
 4028.50     1.340E-16
 4030.00     1.331E-16
 4031.50     1.313E-16
 4033.00     1.259E-16
 4034.50     1.325E-16
 4036.00     1.363E-16
 4037.50     1.388E-16
 4039.00     1.376E-16
 4040.50     1.273E-16
 4042.00     1.199E-16
 4043.50     1.261E-16
 4045.00     1.295E-16
 4046.50     1.311E-16
 4048.00     1.375E-16
 4049.50     1.345E-16
 4051.00     1.274E-16
 4052.50     1.317E-16
 4054.00     1.282E-16
 4055.50     1.269E-16
 4057.00     1.288E-16
 4058.50     1.293E-16
 4060.00     1.255E-16
 4061.50     1.261E-16
 4063.00     1.340E-16
 4064.50     1.257E-16
 4066.00     1.325E-16
 4067.50     1.362E-16
 4069.00     1.316E-16
 4070.50     1.235E-16
 4072.00     1.319E-16
 4073.50     1.141E-16
 4075.00     1.185E-16
 4076.50     1.224E-16
 4078.00     1.305E-16
 4079.50     1.314E-16
 4081.00     1.316E-16
 4082.50     1.239E-16
 4084.00     1.197E-16
 4085.50     1.196E-16
 4087.00     1.279E-16
 4088.50     1.272E-16
 4090.00     1.238E-16
 4091.50     1.298E-16
 4093.00     1.258E-16
 4094.50     1.286E-16
 4096.00     1.301E-16
 4097.50     1.363E-16
 4099.00     1.257E-16
 4100.50     1.169E-16
 4102.00     1.179E-16
 4103.50     1.286E-16
 4105.00     1.301E-16
 4106.50     1.166E-16
 4108.00     1.241E-16
 4109.50     1.285E-16
 4111.00     1.238E-16
 4112.50     1.259E-16
 4114.00     1.227E-16
 4115.50     1.209E-16
 4117.00     1.226E-16
 4118.50     1.254E-16
 4120.00     1.255E-16
 4121.50     1.202E-16
 4123.00     1.252E-16
 4124.50     1.288E-16
 4126.00     1.268E-16
 4127.50     1.327E-16
 4129.00     1.233E-16
 4130.50     1.345E-16
 4132.00     1.326E-16
 4133.50     1.327E-16
 4135.00     1.237E-16
 4136.50     1.273E-16
 4138.00     1.278E-16
 4139.50     1.319E-16
 4141.00     1.222E-16
 4142.50     1.217E-16
 4144.00     1.324E-16
 4145.50     1.269E-16
 4147.00     1.256E-16
 4148.50     1.338E-16
 4150.00     1.314E-16
 4151.50     1.254E-16
 4153.00     1.226E-16
 4154.50     1.278E-16
 4156.00     1.395E-16
 4157.50     1.292E-16
 4159.00     1.296E-16
 4160.50     1.443E-16
 4162.00     1.397E-16
 4163.50     1.368E-16
 4165.00     1.303E-16
 4166.50     1.286E-16
 4168.00     1.211E-16
 4169.50     1.320E-16
 4171.00     1.323E-16
 4172.50     1.273E-16
 4174.00     1.216E-16
 4175.50     1.180E-16
 4177.00     1.274E-16
 4178.50     1.270E-16
 4180.00     1.239E-16
 4181.50     1.189E-16
 4183.00     1.204E-16
 4184.50     1.344E-16
 4186.00     1.251E-16
 4187.50     1.231E-16
 4189.00     1.213E-16
 4190.50     1.276E-16
 4192.00     1.332E-16
 4193.50     1.263E-16
 4195.00     1.274E-16
 4196.50     1.274E-16
 4198.00     1.197E-16
 4199.50     1.192E-16
 4201.00     1.260E-16
 4202.50     1.301E-16
 4204.00     1.213E-16
 4205.50     1.196E-16
 4207.00     1.320E-16
 4208.50     1.301E-16
 4210.00     1.213E-16
 4211.50     1.248E-16
 4213.00     1.258E-16
 4214.50     1.225E-16
 4216.00     1.292E-16
 4217.50     1.361E-16
 4219.00     1.263E-16
 4220.50     1.216E-16
 4222.00     1.150E-16
 4223.50     1.195E-16
 4225.00     1.272E-16
 4226.50     1.342E-16
 4228.00     1.260E-16
 4229.50     1.268E-16
 4231.00     1.274E-16
 4232.50     1.286E-16
 4234.00     1.275E-16
 4235.50     1.326E-16
 4237.00     1.301E-16
 4238.50     1.270E-16
 4240.00     1.229E-16
 4241.50     1.201E-16
 4243.00     1.238E-16
 4244.50     1.218E-16
 4246.00     1.252E-16
 4247.50     1.212E-16
 4249.00     1.323E-16
 4250.50     1.269E-16
 4252.00     1.178E-16
 4253.50     1.253E-16
 4255.00     1.310E-16
 4256.50     1.271E-16
 4258.00     1.253E-16
 4259.50     1.359E-16
 4261.00     1.284E-16
 4262.50     1.286E-16
 4264.00     1.294E-16
 4265.50     1.347E-16
 4267.00     1.274E-16
 4268.50     1.363E-16
 4270.00     1.333E-16
 4271.50     1.235E-16
 4273.00     1.333E-16
 4274.50     1.231E-16
 4276.00     1.231E-16
 4277.50     1.181E-16
 4279.00     1.191E-16
 4280.50     1.212E-16
 4282.00     1.183E-16
 4283.50     1.111E-16
 4285.00     1.246E-16
 4286.50     1.273E-16
 4288.00     1.268E-16
 4289.50     1.199E-16
 4291.00     1.215E-16
 4292.50     1.198E-16
 4294.00     1.235E-16
 4295.50     1.264E-16
 4297.00     1.220E-16
 4298.50     1.233E-16
 4300.00     1.179E-16
 4301.50     1.124E-16
 4303.00     1.166E-16
 4304.50     1.263E-16
 4306.00     1.199E-16
 4307.50     1.250E-16
 4309.00     1.196E-16
 4310.50     1.218E-16
 4312.00     1.160E-16
 4313.50     1.169E-16
 4315.00     1.128E-16
 4316.50     1.086E-16
 4318.00     1.116E-16
 4319.50     1.162E-16
 4321.00     1.243E-16
 4322.50     1.137E-16
 4324.00     1.167E-16
 4325.50     1.170E-16
 4327.00     1.179E-16
 4328.50     1.160E-16
 4330.00     1.199E-16
 4331.50     1.157E-16
 4333.00     1.170E-16
 4334.50     1.144E-16
 4336.00     1.108E-16
 4337.50     1.097E-16
 4339.00     1.127E-16
 4340.50     1.167E-16
 4342.00     1.172E-16
 4343.50     1.192E-16
 4345.00     1.177E-16
 4346.50     1.093E-16
 4348.00     1.124E-16
 4349.50     1.083E-16
 4351.00     1.080E-16
 4352.50     1.133E-16
 4354.00     1.198E-16
 4355.50     1.168E-16
 4357.00     1.122E-16
 4358.50     1.139E-16
 4360.00     1.169E-16
 4361.50     1.177E-16
 4363.00     1.105E-16
 4364.50     1.120E-16
 4366.00     1.133E-16
 4367.50     1.091E-16
 4369.00     1.168E-16
 4370.50     1.232E-16
 4372.00     1.262E-16
 4373.50     1.161E-16
 4375.00     1.172E-16
 4376.50     1.193E-16
 4378.00     1.189E-16
 4379.50     1.110E-16
 4381.00     1.104E-16
 4382.50     1.176E-16
 4384.00     1.179E-16
 4385.50     1.159E-16
 4387.00     1.147E-16
 4388.50     1.200E-16
 4390.00     1.220E-16
 4391.50     1.088E-16
 4393.00     1.183E-16
 4394.50     1.177E-16
 4396.00     1.084E-16
 4397.50     1.117E-16
 4399.00     1.120E-16
 4400.50     1.156E-16
 4402.00     1.245E-16
 4403.50     1.278E-16
 4405.00     1.187E-16
 4406.50     1.262E-16
 4408.00     1.224E-16
 4409.50     1.166E-16
 4411.00     1.165E-16
 4412.50     1.079E-16
 4414.00     1.081E-16
 4415.50     1.133E-16
 4417.00     1.186E-16
 4418.50     1.178E-16
 4420.00     1.143E-16
 4421.50     1.178E-16
 4423.00     1.149E-16
 4424.50     1.190E-16
 4426.00     1.134E-16
 4427.50     1.136E-16
 4429.00     1.138E-16
 4430.50     1.126E-16
 4432.00     1.105E-16
 4433.50     1.067E-16
 4435.00     1.079E-16
 4436.50     1.075E-16
 4438.00     1.060E-16
 4439.50     1.156E-16
 4441.00     1.169E-16
 4442.50     1.132E-16
 4444.00     1.119E-16
 4445.50     1.142E-16
 4447.00     1.176E-16
 4448.50     1.143E-16
 4450.00     1.134E-16
 4451.50     1.116E-16
 4453.00     1.163E-16
 4454.50     1.146E-16
 4456.00     1.108E-16
 4457.50     1.126E-16
 4459.00     1.219E-16
 4460.50     1.131E-16
 4462.00     1.151E-16
 4463.50     1.094E-16
 4465.00     1.084E-16
 4466.50     1.099E-16
 4468.00     1.018E-16
 4469.50     1.054E-16
 4471.00     1.073E-16
 4472.50     1.039E-16
 4474.00     1.097E-16
 4475.50     1.040E-16
 4477.00     1.061E-16
 4478.50     1.159E-16
 4480.00     1.076E-16
 4481.50     1.055E-16
 4483.00     1.116E-16
 4484.50     1.169E-16
 4486.00     1.104E-16
 4487.50     1.118E-16
 4489.00     1.157E-16
 4490.50     1.161E-16
 4492.00     1.143E-16
 4493.50     1.204E-16
 4495.00     1.114E-16
 4496.50     1.067E-16
 4498.00     1.156E-16
 4499.50     1.113E-16
 4501.00     1.100E-16
 4502.50     1.105E-16
 4504.00     1.082E-16
 4505.50     1.006E-16
 4507.00     1.042E-16
 4508.50     1.049E-16
 4510.00     1.123E-16
 4511.50     1.068E-16
 4513.00     1.052E-16
 4514.50     1.138E-16
 4516.00     1.185E-16
 4517.50     1.179E-16
 4519.00     1.147E-16
 4520.50     1.172E-16
 4522.00     1.246E-16
 4523.50     1.261E-16
 4525.00     1.494E-16
 4526.50     1.619E-16
 4528.00     1.682E-16
 4529.50     1.674E-16
 4531.00     1.514E-16
 4532.50     1.432E-16
 4534.00     1.314E-16
 4535.50     1.233E-16
 4537.00     1.215E-16
 4538.50     1.067E-16
 4540.00     1.070E-16
 4541.50     1.107E-16
 4543.00     1.116E-16
 4544.50     1.150E-16
 4546.00     1.150E-16
 4547.50     1.148E-16
 4549.00     1.090E-16
 4550.50     1.123E-16
 4552.00     1.104E-16
 4553.50     1.112E-16
 4555.00     1.105E-16
 4556.50     1.017E-16
 4558.00     1.129E-16
 4559.50     1.154E-16
 4561.00     1.122E-16
 4562.50     1.156E-16
 4564.00     1.216E-16
 4565.50     1.129E-16
 4567.00     1.089E-16
 4568.50     1.048E-16
 4570.00     1.131E-16
 4571.50     1.120E-16
 4573.00     1.138E-16
 4574.50     1.076E-16
 4576.00     1.108E-16
 4577.50     1.129E-16
 4579.00     1.097E-16
 4580.50     1.092E-16
 4582.00     1.134E-16
 4583.50     1.160E-16
 4585.00     1.152E-16
 4586.50     1.176E-16
 4588.00     1.144E-16
 4589.50     1.132E-16
 4591.00     1.161E-16
 4592.50     1.156E-16
 4594.00     1.123E-16
 4595.50     1.124E-16
 4597.00     1.127E-16
 4598.50     1.205E-16
 4600.00     1.159E-16
 4601.50     1.099E-16
 4603.00     9.946E-17
 4604.50     1.047E-16
 4606.00     1.111E-16
 4607.50     1.070E-16
 4609.00     1.033E-16
 4610.50     9.437E-17
 4612.00     9.685E-17
 4613.50     1.004E-16
 4615.00     1.052E-16
 4616.50     1.093E-16
 4618.00     1.039E-16
 4619.50     1.139E-16
 4621.00     1.098E-16
 4622.50     1.082E-16
 4624.00     1.122E-16
 4625.50     1.082E-16
 4627.00     1.099E-16
 4628.50     1.048E-16
 4630.00     1.044E-16
 4631.50     1.125E-16
 4633.00     1.004E-16
 4634.50     9.646E-17
 4636.00     1.039E-16
 4637.50     1.028E-16
 4639.00     1.050E-16
 4640.50     1.038E-16
 4642.00     1.064E-16
 4643.50     9.874E-17
 4645.00     9.968E-17
 4646.50     1.030E-16
 4648.00     1.022E-16
 4649.50     9.365E-17
 4651.00     9.460E-17
 4652.50     1.017E-16
 4654.00     1.067E-16
 4655.50     9.617E-17
 4657.00     9.780E-17
 4658.50     9.644E-17
 4660.00     1.018E-16
 4661.50     9.935E-17
 4663.00     9.914E-17
 4664.50     1.007E-16
 4666.00     9.816E-17
 4667.50     9.835E-17
 4669.00     1.005E-16
 4670.50     9.501E-17
 4672.00     1.047E-16
 4673.50     1.085E-16
 4675.00     1.015E-16
 4676.50     1.009E-16
 4678.00     1.010E-16
 4679.50     1.043E-16
 4681.00     1.048E-16
 4682.50     1.017E-16
 4684.00     9.605E-17
 4685.50     1.015E-16
 4687.00     1.017E-16
 4688.50     9.377E-17
 4690.00     1.051E-16
 4691.50     1.055E-16
 4693.00     1.090E-16
 4694.50     1.195E-16
 4696.00     1.295E-16
 4697.50     1.199E-16
 4699.00     1.275E-16
 4700.50     1.276E-16
 4702.00     1.216E-16
 4703.50     1.154E-16
 4705.00     1.194E-16
 4706.50     1.070E-16
 4708.00     1.024E-16
 4709.50     1.013E-16
 4711.00     1.045E-16
 4712.50     9.901E-17
 4714.00     1.047E-16
 4715.50     1.047E-16
 4717.00     9.794E-17
 4718.50     9.603E-17
 4720.00     1.073E-16
 4721.50     1.069E-16
 4723.00     1.077E-16
 4724.50     1.129E-16
 4726.00     1.088E-16
 4727.50     1.140E-16
 4729.00     1.142E-16
 4730.50     1.095E-16
 4732.00     1.080E-16
 4733.50     1.083E-16
 4735.00     1.117E-16
 4736.50     1.115E-16
 4738.00     1.094E-16
 4739.50     1.061E-16
 4741.00     1.129E-16
 4742.50     1.068E-16
 4744.00     1.112E-16
 4745.50     1.059E-16
 4747.00     1.165E-16
 4748.50     1.170E-16
 4750.00     1.099E-16
 4751.50     1.057E-16
 4753.00     1.016E-16
 4754.50     1.106E-16
 4756.00     1.162E-16
 4757.50     1.084E-16
 4759.00     1.149E-16
 4760.50     1.147E-16
 4762.00     1.084E-16
 4763.50     1.063E-16
 4765.00     1.031E-16
 4766.50     1.020E-16
 4768.00     1.082E-16
 4769.50     1.029E-16
 4771.00     1.026E-16
 4772.50     9.887E-17
 4774.00     8.910E-17
 4775.50     9.166E-17
 4777.00     8.557E-17
 4778.50     8.067E-17
 4780.00     9.470E-17
 4781.50     9.512E-17
 4783.00     9.989E-17
 4784.50     9.293E-17
 4786.00     1.032E-16
 4787.50     1.008E-16
 4789.00     9.940E-17
 4790.50     1.057E-16
 4792.00     1.156E-16
 4793.50     1.088E-16
 4795.00     1.119E-16
 4796.50     1.133E-16
 4798.00     1.052E-16
 4799.50     1.146E-16
 4801.00     1.179E-16
 4802.50     1.120E-16
 4804.00     1.124E-16
 4805.50     1.118E-16
 4807.00     1.117E-16
 4808.50     1.191E-16
 4810.00     1.187E-16
 4811.50     1.148E-16
 4813.00     1.040E-16
 4814.50     1.080E-16
 4816.00     1.103E-16
 4817.50     1.131E-16
 4819.00     1.096E-16
 4820.50     1.062E-16
 4822.00     1.085E-16
 4823.50     1.014E-16
 4825.00     1.037E-16
 4826.50     1.067E-16
 4828.00     1.076E-16
 4829.50     1.091E-16
 4831.00     1.067E-16
 4832.50     1.045E-16
 4834.00     1.106E-16
 4835.50     1.106E-16
 4837.00     1.167E-16
 4838.50     1.157E-16
 4840.00     1.222E-16
 4841.50     1.245E-16
 4843.00     1.161E-16
 4844.50     1.128E-16
 4846.00     1.126E-16
 4847.50     1.239E-16
 4849.00     1.224E-16
 4850.50     1.222E-16
 4852.00     1.209E-16
 4853.50     1.175E-16
 4855.00     1.167E-16
 4856.50     1.194E-16
 4858.00     1.144E-16
 4859.50     1.163E-16
 4861.00     1.180E-16
 4862.50     1.216E-16
 4864.00     1.168E-16
 4865.50     1.138E-16
 4867.00     1.151E-16
 4868.50     1.157E-16
 4870.00     1.079E-16
 4871.50     1.082E-16
 4873.00     1.174E-16
 4874.50     1.132E-16
 4876.00     1.033E-16
 4877.50     1.083E-16
 4879.00     1.218E-16
 4880.50     1.057E-16
 4882.00     1.078E-16
 4883.50     1.116E-16
 4885.00     1.133E-16
 4886.50     1.174E-16
 4888.00     1.134E-16
 4889.50     1.117E-16
 4891.00     1.112E-16
 4892.50     1.147E-16
 4894.00     1.121E-16
 4895.50     1.103E-16
 4897.00     1.050E-16
 4898.50     1.108E-16
 4900.00     1.049E-16
 4901.50     1.056E-16
 4903.00     1.123E-16
 4904.50     1.022E-16
 4906.00     1.048E-16
 4907.50     1.095E-16
 4909.00     1.092E-16
 4910.50     1.046E-16
 4912.00     1.125E-16
 4913.50     1.137E-16
 4915.00     1.151E-16
 4916.50     1.113E-16
 4918.00     1.082E-16
 4919.50     1.117E-16
 4921.00     1.134E-16
 4922.50     1.107E-16
 4924.00     1.102E-16
 4925.50     1.072E-16
 4927.00     1.118E-16
 4928.50     1.110E-16
 4930.00     1.045E-16
 4931.50     1.099E-16
 4933.00     1.069E-16
 4934.50     1.028E-16
 4936.00     1.077E-16
 4937.50     1.040E-16
 4939.00     1.048E-16
 4940.50     1.160E-16
 4942.00     1.031E-16
 4943.50     1.056E-16
 4945.00     1.045E-16
 4946.50     1.121E-16
 4948.00     1.073E-16
 4949.50     1.029E-16
 4951.00     1.079E-16
 4952.50     1.071E-16
 4954.00     1.046E-16
 4955.50     1.096E-16
 4957.00     1.099E-16
 4958.50     1.132E-16
 4960.00     1.119E-16
 4961.50     1.117E-16
 4963.00     1.051E-16
 4964.50     1.130E-16
 4966.00     1.158E-16
 4967.50     1.199E-16
 4969.00     1.191E-16
 4970.50     1.126E-16
 4972.00     1.152E-16
 4973.50     1.077E-16
 4975.00     1.179E-16
 4976.50     1.135E-16
 4978.00     1.173E-16
 4979.50     1.083E-16
 4981.00     1.158E-16
 4982.50     1.190E-16
 4984.00     1.165E-16
 4985.50     1.119E-16
 4987.00     1.074E-16
 4988.50     1.104E-16
 4990.00     1.090E-16
 4991.50     1.054E-16
 4993.00     1.082E-16
 4994.50     1.153E-16
 4996.00     1.210E-16
 4997.50     1.193E-16
 4999.00     1.126E-16
 5000.50     1.128E-16
 5002.00     1.081E-16
 5003.50     1.176E-16
 5005.00     1.155E-16
 5006.50     1.123E-16
 5008.00     1.219E-16
 5009.50     1.228E-16
 5011.00     1.360E-16
 5012.50     1.186E-16
 5014.00     1.076E-16
 5015.50     1.156E-16
 5017.00     1.208E-16
 5018.50     1.141E-16
 5020.00     1.147E-16
 5021.50     1.044E-16
 5023.00     1.053E-16
 5024.50     1.052E-16
 5026.00     1.132E-16
 5027.50     1.113E-16
 5029.00     1.116E-16
 5030.50     1.121E-16
 5032.00     1.082E-16
 5033.50     1.053E-16
 5035.00     1.083E-16
 5036.50     1.073E-16
 5038.00     1.120E-16
 5039.50     1.104E-16
 5041.00     1.108E-16
 5042.50     1.051E-16
 5044.00     1.052E-16
 5045.50     1.013E-16
 5047.00     1.098E-16
 5048.50     1.042E-16
 5050.00     1.085E-16
 5051.50     1.100E-16
 5053.00     1.104E-16
 5054.50     1.121E-16
 5056.00     1.149E-16
 5057.50     1.186E-16
 5059.00     1.108E-16
 5060.50     1.064E-16
 5062.00     1.118E-16
 5063.50     1.077E-16
 5065.00     1.049E-16
 5066.50     1.002E-16
 5068.00     1.059E-16
 5069.50     1.108E-16
 5071.00     1.125E-16
 5072.50     1.071E-16
 5074.00     1.016E-16
 5075.50     1.100E-16
 5077.00     1.084E-16
 5078.50     1.070E-16
 5080.00     1.071E-16
 5081.50     1.123E-16
 5083.00     1.103E-16
 5084.50     1.149E-16
 5086.00     1.094E-16
 5087.50     1.066E-16
 5089.00     1.085E-16
 5090.50     1.057E-16
 5092.00     1.086E-16
 5093.50     1.142E-16
 5095.00     1.125E-16
 5096.50     1.092E-16
 5098.00     1.104E-16
 5099.50     1.091E-16
 5101.00     1.028E-16
 5102.50     1.090E-16
 5104.00     1.094E-16
 5105.50     1.143E-16
 5107.00     1.106E-16
 5108.50     1.045E-16
 5110.00     1.073E-16
 5111.50     1.157E-16
 5113.00     1.116E-16
 5114.50     1.111E-16
 5116.00     1.104E-16
 5117.50     1.075E-16
 5119.00     1.098E-16
 5120.50     1.103E-16
 5122.00     1.067E-16
 5123.50     1.068E-16
 5125.00     1.093E-16
 5126.50     1.133E-16
 5128.00     1.148E-16
 5129.50     1.086E-16
 5131.00     1.046E-16
 5132.50     1.072E-16
 5134.00     1.073E-16
 5135.50     1.033E-16
 5137.00     1.113E-16
 5138.50     1.093E-16
 5140.00     9.803E-17
 5141.50     1.064E-16
 5143.00     1.067E-16
 5144.50     1.064E-16
 5146.00     1.089E-16
 5147.50     1.071E-16
 5149.00     1.144E-16
 5150.50     1.187E-16
 5152.00     1.206E-16
 5153.50     1.150E-16
 5155.00     1.178E-16
 5156.50     1.144E-16
 5158.00     1.095E-16
 5159.50     1.158E-16
 5161.00     1.125E-16
 5162.50     1.086E-16
 5164.00     1.161E-16
 5165.50     1.160E-16
 5167.00     1.116E-16
 5168.50     1.145E-16
 5170.00     1.218E-16
 5171.50     1.188E-16
 5173.00     1.120E-16
 5174.50     1.171E-16
 5176.00     1.149E-16
 5177.50     1.123E-16
 5179.00     1.145E-16
 5180.50     1.133E-16
 5182.00     1.127E-16
 5183.50     1.115E-16
 5185.00     1.170E-16
 5186.50     1.097E-16
 5188.00     1.116E-16
 5189.50     1.059E-16
 5191.00     1.138E-16
 5192.50     1.111E-16
 5194.00     1.082E-16
 5195.50     1.127E-16
 5197.00     1.120E-16
 5198.50     1.207E-16
 5200.00     1.137E-16
 5201.50     1.120E-16
 5203.00     1.145E-16
 5204.50     1.093E-16
 5206.00     1.047E-16
 5207.50     1.077E-16
 5209.00     1.105E-16
 5210.50     1.120E-16
 5212.00     1.085E-16
 5213.50     1.116E-16
 5215.00     1.049E-16
 5216.50     1.037E-16
 5218.00     1.039E-16
 5219.50     1.064E-16
 5221.00     1.179E-16
 5222.50     1.121E-16
 5224.00     1.022E-16
 5225.50     1.046E-16
 5227.00     1.062E-16
 5228.50     1.033E-16
 5230.00     1.046E-16
 5231.50     1.118E-16
 5233.00     1.053E-16
 5234.50     1.021E-16
 5236.00     1.069E-16
 5237.50     1.063E-16
 5239.00     1.163E-16
 5240.50     1.221E-16
 5242.00     1.238E-16
 5243.50     1.289E-16
 5245.00     1.217E-16
 5246.50     1.289E-16
 5248.00     1.302E-16
 5249.50     1.366E-16
 5251.00     1.320E-16
 5252.50     1.329E-16
 5254.00     1.316E-16
 5255.50     1.234E-16
 5257.00     1.303E-16
 5258.50     1.245E-16
 5260.00     1.321E-16
 5261.50     1.305E-16
 5263.00     1.383E-16
 5264.50     1.386E-16
 5266.00     1.361E-16
 5267.50     1.367E-16
 5269.00     1.414E-16
 5270.50     1.401E-16
 5272.00     1.426E-16
 5273.50     1.434E-16
 5275.00     1.356E-16
 5276.50     1.373E-16
 5278.00     1.293E-16
 5279.50     1.322E-16
 5281.00     1.375E-16
 5282.50     1.419E-16
 5284.00     1.473E-16
 5285.50     1.442E-16
 5287.00     1.423E-16
 5288.50     1.388E-16
 5290.00     1.415E-16
 5291.50     1.434E-16
 5293.00     1.453E-16
 5294.50     1.448E-16
 5296.00     1.467E-16
 5297.50     1.544E-16
 5299.00     1.525E-16
 5300.50     1.480E-16
 5302.00     1.526E-16
 5303.50     1.545E-16
 5305.00     1.486E-16
 5306.50     1.487E-16
 5308.00     1.449E-16
 5309.50     1.407E-16
 5311.00     1.389E-16
 5312.50     1.283E-16
 5314.00     1.383E-16
 5315.50     1.357E-16
 5317.00     1.322E-16
 5318.50     1.359E-16
 5320.00     1.327E-16
 5321.50     1.275E-16
 5323.00     1.314E-16
 5324.50     1.260E-16
 5326.00     1.243E-16
 5327.50     1.188E-16
 5329.00     1.204E-16
 5330.50     1.253E-16
 5332.00     1.266E-16
 5333.50     1.278E-16
 5335.00     1.288E-16
 5336.50     1.254E-16
 5338.00     1.288E-16
 5339.50     1.305E-16
 5341.00     1.348E-16
 5342.50     1.337E-16
 5344.00     1.234E-16
 5345.50     1.322E-16
 5347.00     1.260E-16
 5348.50     1.214E-16
 5350.00     1.192E-16
 5351.50     1.249E-16
 5353.00     1.309E-16
 5354.50     1.270E-16
 5356.00     1.248E-16
 5357.50     1.245E-16
 5359.00     1.286E-16
 5360.50     1.259E-16
 5362.00     1.310E-16
 5363.50     1.244E-16
 5365.00     1.226E-16
 5366.50     1.178E-16
 5368.00     1.350E-16
 5369.50     1.285E-16
 5371.00     1.273E-16
 5372.50     1.214E-16
 5374.00     1.242E-16
 5375.50     1.246E-16
 5377.00     1.223E-16
 5378.50     1.216E-16
 5380.00     1.310E-16
 5381.50     1.298E-16
 5383.00     1.333E-16
 5384.50     1.303E-16
 5386.00     1.255E-16
 5387.50     1.245E-16
 5389.00     1.291E-16
 5390.50     1.265E-16
 5392.00     1.243E-16
 5393.50     1.296E-16
 5395.00     1.207E-16
 5396.50     1.199E-16
 5398.00     1.272E-16
 5399.50     1.231E-16
 5401.00     1.295E-16
 5402.50     1.217E-16
 5404.00     1.275E-16
 5405.50     1.267E-16
 5407.00     1.194E-16
 5408.50     1.231E-16
 5410.00     1.200E-16
 5411.50     1.283E-16
 5413.00     1.159E-16
 5414.50     1.288E-16
 5416.00     1.201E-16
 5417.50     1.153E-16
 5419.00     1.200E-16
 5420.50     1.143E-16
 5422.00     1.207E-16
 5423.50     1.249E-16
 5425.00     1.184E-16
 5426.50     1.251E-16
 5428.00     1.377E-16
 5429.50     1.274E-16
 5431.00     1.252E-16
 5432.50     1.310E-16
 5434.00     1.309E-16
 5435.50     1.256E-16
 5437.00     1.331E-16
 5438.50     1.276E-16
 5440.00     1.317E-16
 5441.50     1.256E-16
 5443.00     1.294E-16
 5444.50     1.247E-16
 5446.00     1.295E-16
 5447.50     1.317E-16
 5449.00     1.330E-16
 5450.50     1.287E-16
 5452.00     1.286E-16
 5453.50     1.280E-16
 5455.00     1.262E-16
 5456.50     1.332E-16
 5458.00     1.274E-16
 5459.50     1.281E-16
 5461.00     1.350E-16
 5462.50     1.292E-16
 5464.00     1.199E-16
 5465.50     1.199E-16
 5467.00     1.248E-16
 5468.50     1.378E-16
 5470.00     1.380E-16
 5471.50     1.380E-16
 5473.00     1.330E-16
 5474.50     1.390E-16
 5476.00     1.415E-16
 5477.50     1.445E-16
 5479.00     1.436E-16
 5480.50     1.398E-16
 5482.00     1.430E-16
 5483.50     1.385E-16
 5485.00     1.463E-16
 5486.50     1.307E-16
 5488.00     1.369E-16
 5489.50     1.387E-16
 5491.00     1.428E-16
 5492.50     1.416E-16
 5494.00     1.402E-16
 5495.50     1.403E-16
 5497.00     1.418E-16
 5498.50     1.370E-16
 5500.00     1.368E-16
 5501.50     1.368E-16
 5503.00     1.369E-16
 5504.50     1.370E-16
 5506.00     1.371E-16
 5507.50     1.372E-16
 5509.00     1.373E-16
 5510.50     1.374E-16
 5512.00     1.375E-16
 5513.50     1.376E-16
 5515.00     1.377E-16
 5516.50     1.378E-16
 5518.00     1.378E-16
 5519.50     1.379E-16
 5521.00     1.380E-16
 5522.50     1.381E-16
 5524.00     1.382E-16
 5525.50     1.383E-16
 5527.00     1.384E-16
 5528.50     1.385E-16
 5530.00     1.386E-16
 5531.50     1.387E-16
 5533.00     1.388E-16
 5534.50     1.388E-16
 5536.00     1.389E-16
 5537.50     1.390E-16
 5539.00     1.391E-16
 5540.50     1.392E-16
 5542.00     1.393E-16
 5543.50     1.394E-16
 5545.00     1.395E-16
 5546.50     1.396E-16
 5548.00     1.397E-16
 5549.50     1.397E-16
 5551.00     1.398E-16
 5552.50     1.399E-16
 5554.00     1.400E-16
 5555.50     1.401E-16
 5557.00     1.402E-16
 5558.50     1.403E-16
 5560.00     1.404E-16
 5561.50     1.405E-16
 5563.00     1.406E-16
 5564.50     1.404E-16
 5566.00     1.402E-16
 5567.50     1.401E-16
 5569.00     1.400E-16
 5570.50     1.399E-16
 5572.00     1.398E-16
 5573.50     1.396E-16
 5575.00     1.395E-16
 5576.50     1.394E-16
 5578.00     1.393E-16
 5579.50     1.392E-16
 5581.00     1.390E-16
 5582.50     1.389E-16
 5584.00     1.388E-16
 5585.50     1.387E-16
 5587.00     1.386E-16
 5588.50     1.384E-16
 5590.00     1.383E-16
 5591.50     1.382E-16
 5593.00     1.381E-16
 5594.50     1.379E-16
 5596.00     1.378E-16
 5597.50     1.377E-16
 5599.00     1.376E-16
 5600.50     1.375E-16
 5602.00     1.373E-16
 5603.50     1.372E-16
 5605.00     1.371E-16
 5606.50     1.370E-16
 5608.00     1.369E-16
 5609.50     1.367E-16
 5611.00     1.366E-16
 5612.50     1.365E-16
 5614.00     1.364E-16
 5615.50     1.363E-16
 5617.00     1.361E-16
 5618.50     1.360E-16
 5620.00     1.359E-16
 5621.50     1.358E-16
 5623.00     1.356E-16
 5624.50     1.355E-16
 5626.00     1.354E-16
 5627.50     1.353E-16
 5629.00     1.352E-16
 5630.50     1.350E-16
 5632.00     1.349E-16
 5633.50     1.348E-16
 5635.00     1.347E-16
 5636.50     1.346E-16
 5638.00     1.344E-16
 5639.50     1.343E-16
 5641.00     1.342E-16
 5642.50     1.341E-16
 5644.00     1.339E-16
 5645.50     1.338E-16
 5647.00     1.337E-16
 5648.50     1.336E-16
 5650.00     1.335E-16
 5651.50     1.333E-16
 5653.00     1.332E-16
 5654.50     1.331E-16
 5656.00     1.330E-16
 5657.50     1.329E-16
 5659.00     1.327E-16
 5660.50     1.326E-16
 5662.00     1.325E-16
 5663.50     1.324E-16
 5665.00     1.323E-16
 5666.50     1.321E-16
 5668.00     1.320E-16
 5669.50     1.319E-16
 5671.00     1.318E-16
 5672.50     1.316E-16
 5674.00     1.315E-16
 5675.50     1.314E-16
 5677.00     1.313E-16
 5678.50     1.312E-16
 5680.00     1.310E-16
 5681.50     1.309E-16
 5683.00     1.308E-16
 5684.50     1.307E-16
 5686.00     1.306E-16
 5687.50     1.304E-16
 5689.00     1.303E-16
 5690.50     1.302E-16
 5692.00     1.301E-16
 5693.50     1.300E-16
 5695.00     1.298E-16
 5696.50     1.297E-16
 5698.00     1.296E-16
 5699.50     1.295E-16
 5701.00     1.293E-16
 5702.50     1.292E-16
 5704.00     1.291E-16
 5705.50     1.290E-16
 5707.00     1.289E-16
 5708.50     1.287E-16
 5710.00     1.286E-16
 5711.50     1.285E-16
 5713.00     1.284E-16
 5714.50     1.283E-16
 5716.00     1.281E-16
 5717.50     1.280E-16
 5719.00     1.279E-16
 5720.50     1.278E-16
 5722.00     1.276E-16
 5723.50     1.275E-16
 5725.00     1.274E-16
 5726.50     1.273E-16
 5728.00     1.272E-16
 5729.50     1.270E-16
 5731.00     1.269E-16
 5732.50     1.268E-16
 5734.00     1.267E-16
 5735.50     1.266E-16
 5737.00     1.264E-16
 5738.50     1.263E-16
 5740.00     1.262E-16
 5741.50     1.261E-16
 5743.00     1.260E-16
 5744.50     1.258E-16
 5746.00     1.257E-16
 5747.50     1.256E-16
 5749.00     1.255E-16
 5750.50     1.253E-16
 5752.00     1.252E-16
 5753.50     1.251E-16
 5755.00     1.250E-16
 5756.50     1.249E-16
 5758.00     1.247E-16
 5759.50     1.246E-16
 5761.00     1.245E-16
 5762.50     1.244E-16
 5764.00     1.243E-16
 5765.50     1.241E-16
 5767.00     1.240E-16
 5768.50     1.239E-16
 5770.00     1.238E-16
 5771.50     1.237E-16
 5773.00     1.235E-16
 5774.50     1.234E-16
 5776.00     1.233E-16
 5777.50     1.232E-16
 5779.00     1.230E-16
 5780.50     1.229E-16
 5782.00     1.228E-16
 5783.50     1.227E-16
 5785.00     1.226E-16
 5786.50     1.224E-16
 5788.00     1.223E-16
 5789.50     1.222E-16
 5791.00     1.221E-16
 5792.50     1.220E-16
 5794.00     1.218E-16
 5795.50     1.217E-16
 5797.00     1.216E-16
 5798.50     1.215E-16
 5800.00     1.214E-16
 5801.50     1.212E-16
 5803.00     1.211E-16
 5804.50     1.210E-16
 5806.00     1.209E-16
 5807.50     1.207E-16
 5809.00     1.206E-16
 5810.50     1.205E-16
 5812.00     1.214E-16
 5813.50     1.174E-16
 5815.00     1.214E-16
 5816.50     1.246E-16
 5818.00     1.232E-16
 5819.50     1.231E-16
 5821.00     1.189E-16
 5822.50     1.247E-16
 5824.00     1.368E-16
 5825.50     1.276E-16
 5827.00     1.194E-16
 5828.50     1.266E-16
 5830.00     1.354E-16
 5831.50     1.410E-16
 5833.00     1.276E-16
 5834.50     1.247E-16
 5836.00     1.221E-16
 5837.50     1.306E-16
 5839.00     1.344E-16
 5840.50     1.301E-16
 5842.00     1.338E-16
 5843.50     1.323E-16
 5845.00     1.345E-16
 5846.50     1.326E-16
 5848.00     1.337E-16
 5849.50     1.427E-16
 5851.00     1.368E-16
 5852.50     1.359E-16
 5854.00     1.372E-16
 5855.50     1.478E-16
 5857.00     1.500E-16
 5858.50     1.415E-16
 5860.00     1.369E-16
 5861.50     1.323E-16
 5863.00     1.410E-16
 5864.50     1.416E-16
 5866.00     1.385E-16
 5867.50     1.414E-16
 5869.00     1.357E-16
 5870.50     1.362E-16
 5872.00     1.378E-16
 5873.50     1.423E-16
 5875.00     1.417E-16
 5876.50     1.416E-16
 5878.00     1.433E-16
 5879.50     1.503E-16
 5881.00     1.493E-16
 5882.50     1.541E-16
 5884.00     1.503E-16
 5885.50     1.546E-16
 5887.00     1.618E-16
 5888.50     1.501E-16
 5890.00     1.498E-16
 5891.50     1.548E-16
 5893.00     1.540E-16
 5894.50     1.599E-16
 5896.00     1.580E-16
 5897.50     1.604E-16
 5899.00     1.535E-16
 5900.50     1.556E-16
 5902.00     1.701E-16
 5903.50     1.840E-16
 5905.00     1.861E-16
 5906.50     1.870E-16
 5908.00     1.967E-16
 5909.50     1.905E-16
 5911.00     1.855E-16
 5912.50     1.870E-16
 5914.00     1.836E-16
 5915.50     1.799E-16
 5917.00     1.712E-16
 5918.50     1.762E-16
 5920.00     1.814E-16
 5921.50     1.807E-16
 5923.00     1.725E-16
 5924.50     1.829E-16
 5926.00     1.881E-16
 5927.50     1.836E-16
 5929.00     1.944E-16
 5930.50     1.931E-16
 5932.00     1.870E-16
 5933.50     1.877E-16
 5935.00     1.878E-16
 5936.50     1.837E-16
 5938.00     1.794E-16
 5939.50     1.834E-16
 5941.00     1.849E-16
 5942.50     1.836E-16
 5944.00     1.816E-16
 5945.50     1.717E-16
 5947.00     1.731E-16
 5948.50     1.731E-16
 5950.00     1.757E-16
 5951.50     1.788E-16
 5953.00     1.791E-16
 5954.50     1.752E-16
 5956.00     1.681E-16
 5957.50     1.658E-16
 5959.00     1.658E-16
 5960.50     1.667E-16
 5962.00     1.721E-16
 5963.50     1.623E-16
 5965.00     1.577E-16
 5966.50     1.667E-16
 5968.00     1.648E-16
 5969.50     1.631E-16
 5971.00     1.520E-16
 5972.50     1.504E-16
 5974.00     1.531E-16
 5975.50     1.524E-16
 5977.00     1.480E-16
 5978.50     1.516E-16
 5980.00     1.500E-16
 5981.50     1.534E-16
 5983.00     1.516E-16
 5984.50     1.571E-16
 5986.00     1.558E-16
 5987.50     1.573E-16
 5989.00     1.668E-16
 5990.50     1.650E-16
 5992.00     1.583E-16
 5993.50     1.515E-16
 5995.00     1.575E-16
 5996.50     1.512E-16
 5998.00     1.497E-16
 5999.50     1.571E-16
 6001.00     1.544E-16
 6002.50     1.543E-16
 6004.00     1.533E-16
 6005.50     1.611E-16
 6007.00     1.633E-16
 6008.50     1.653E-16
 6010.00     1.684E-16
 6011.50     1.604E-16
 6013.00     1.639E-16
 6014.50     1.684E-16
 6016.00     1.681E-16
 6017.50     1.743E-16
 6019.00     1.851E-16
 6020.50     1.960E-16
 6022.00     1.969E-16
 6023.50     2.217E-16
 6025.00     2.258E-16
 6026.50     2.162E-16
 6028.00     1.983E-16
 6029.50     1.797E-16
 6031.00     1.689E-16
 6032.50     1.553E-16
 6034.00     1.488E-16
 6035.50     1.402E-16
 6037.00     1.462E-16
 6038.50     1.448E-16
 6040.00     1.406E-16
 6041.50     1.421E-16
 6043.00     1.444E-16
 6044.50     1.383E-16
 6046.00     1.452E-16
 6047.50     1.485E-16
 6049.00     1.439E-16
 6050.50     1.513E-16
 6052.00     1.465E-16
 6053.50     1.368E-16
 6055.00     1.321E-16
 6056.50     1.370E-16
 6058.00     1.398E-16
 6059.50     1.355E-16
 6061.00     1.350E-16
 6062.50     1.414E-16
 6064.00     1.467E-16
 6065.50     1.447E-16
 6067.00     1.421E-16
 6068.50     1.481E-16
 6070.00     1.485E-16
 6071.50     1.487E-16
 6073.00     1.533E-16
 6074.50     1.720E-16
 6076.00     1.962E-16
 6077.50     2.361E-16
 6079.00     2.796E-16
 6080.50     3.260E-16
 6082.00     3.679E-16
 6083.50     3.654E-16
 6085.00     3.412E-16
 6086.50     2.949E-16
 6088.00     2.382E-16
 6089.50     1.979E-16
 6091.00     1.765E-16
 6092.50     1.527E-16
 6094.00     1.419E-16
 6095.50     1.417E-16
 6097.00     1.369E-16
 6098.50     1.331E-16
 6100.00     1.315E-16
 6101.50     1.388E-16
 6103.00     1.479E-16
 6104.50     1.436E-16
 6106.00     1.423E-16
 6107.50     1.337E-16
 6109.00     1.353E-16
 6110.50     1.402E-16
 6112.00     1.443E-16
 6113.50     1.448E-16
 6115.00     1.472E-16
 6116.50     1.497E-16
 6118.00     1.467E-16
 6119.50     1.422E-16
 6121.00     1.376E-16
 6122.50     1.364E-16
 6124.00     1.411E-16
 6125.50     1.430E-16
 6127.00     1.428E-16
 6128.50     1.419E-16
 6130.00     1.384E-16
 6131.50     1.402E-16
 6133.00     1.415E-16
 6134.50     1.399E-16
 6136.00     1.430E-16
 6137.50     1.468E-16
 6139.00     1.431E-16
 6140.50     1.394E-16
 6142.00     1.407E-16
 6143.50     1.446E-16
 6145.00     1.421E-16
 6146.50     1.456E-16
 6148.00     1.411E-16
 6149.50     1.385E-16
 6151.00     1.503E-16
 6152.50     1.438E-16
 6154.00     1.415E-16
 6155.50     1.363E-16
 6157.00     1.350E-16
 6158.50     1.422E-16
 6160.00     1.405E-16
 6161.50     1.329E-16
 6163.00     1.342E-16
 6164.50     1.267E-16
 6166.00     1.282E-16
 6167.50     1.348E-16
 6169.00     1.306E-16
 6170.50     1.328E-16
 6172.00     1.279E-16
 6173.50     1.289E-16
 6175.00     1.328E-16
 6176.50     1.315E-16
 6178.00     1.284E-16
 6179.50     1.343E-16
 6181.00     1.313E-16
 6182.50     1.327E-16
 6184.00     1.337E-16
 6185.50     1.375E-16
 6187.00     1.332E-16
 6188.50     1.336E-16
 6190.00     1.335E-16
 6191.50     1.363E-16
 6193.00     1.274E-16
 6194.50     1.350E-16
 6196.00     1.368E-16
 6197.50     1.352E-16
 6199.00     1.339E-16
 6200.50     1.225E-16
 6202.00     1.266E-16
 6203.50     1.276E-16
 6205.00     1.206E-16
 6206.50     1.278E-16
 6208.00     1.317E-16
 6209.50     1.280E-16
 6211.00     1.329E-16
 6212.50     1.321E-16
 6214.00     1.304E-16
 6215.50     1.352E-16
 6217.00     1.323E-16
 6218.50     1.325E-16
 6220.00     1.316E-16
 6221.50     1.343E-16
 6223.00     1.355E-16
 6224.50     1.293E-16
 6226.00     1.295E-16
 6227.50     1.345E-16
 6229.00     1.383E-16
 6230.50     1.321E-16
 6232.00     1.303E-16
 6233.50     1.274E-16
 6235.00     1.326E-16
 6236.50     1.382E-16
 6238.00     1.395E-16
 6239.50     1.307E-16
 6241.00     1.235E-16
 6242.50     1.308E-16
 6244.00     1.294E-16
 6245.50     1.284E-16
 6247.00     1.297E-16
 6248.50     1.316E-16
 6250.00     1.307E-16
 6251.50     1.322E-16
 6253.00     1.302E-16
 6254.50     1.304E-16
 6256.00     1.308E-16
 6257.50     1.318E-16
 6259.00     1.292E-16
 6260.50     1.323E-16
 6262.00     1.320E-16
 6263.50     1.317E-16
 6265.00     1.379E-16
 6266.50     1.354E-16
 6268.00     1.272E-16
 6269.50     1.331E-16
 6271.00     1.330E-16
 6272.50     1.315E-16
 6274.00     1.300E-16
 6275.50     1.291E-16
 6277.00     1.307E-16
 6278.50     1.251E-16
 6280.00     1.182E-16
 6281.50     1.179E-16
 6283.00     1.210E-16
 6284.50     1.183E-16
 6286.00     1.271E-16
 6287.50     1.211E-16
 6289.00     1.178E-16
 6290.50     1.224E-16
 6292.00     1.274E-16
 6293.50     1.244E-16
 6295.00     1.233E-16
 6296.50     1.225E-16
 6298.00     1.152E-16
 6299.50     1.284E-16
 6301.00     1.249E-16
 6302.50     1.201E-16
 6304.00     1.283E-16
 6305.50     1.330E-16
 6307.00     1.325E-16
 6308.50     1.409E-16
 6310.00     1.335E-16
 6311.50     1.315E-16
 6313.00     1.393E-16
 6314.50     1.445E-16
 6316.00     1.493E-16
 6317.50     1.431E-16
 6319.00     1.471E-16
 6320.50     1.431E-16
 6322.00     1.313E-16
 6323.50     1.349E-16
 6325.00     1.273E-16
 6326.50     1.228E-16
 6328.00     1.293E-16
 6329.50     1.355E-16
 6331.00     1.348E-16
 6332.50     1.354E-16
 6334.00     1.354E-16
 6335.50     1.400E-16
 6337.00     1.356E-16
 6338.50     1.416E-16
 6340.00     1.425E-16
 6341.50     1.469E-16
 6343.00     1.446E-16
 6344.50     1.367E-16
 6346.00     1.350E-16
 6347.50     1.355E-16
 6349.00     1.313E-16
 6350.50     1.347E-16
 6352.00     1.315E-16
 6353.50     1.313E-16
 6355.00     1.271E-16
 6356.50     1.332E-16
 6358.00     1.426E-16
 6359.50     1.447E-16
 6361.00     1.476E-16
 6362.50     1.444E-16
 6364.00     1.445E-16
 6365.50     1.526E-16
 6367.00     1.451E-16
 6368.50     1.419E-16
 6370.00     1.479E-16
 6371.50     1.463E-16
 6373.00     1.432E-16
 6374.50     1.473E-16
 6376.00     1.398E-16
 6377.50     1.446E-16
 6379.00     1.414E-16
 6380.50     1.414E-16
 6382.00     1.427E-16
 6383.50     1.443E-16
 6385.00     1.435E-16
 6386.50     1.422E-16
 6388.00     1.452E-16
 6389.50     1.483E-16
 6391.00     1.362E-16
 6392.50     1.387E-16
 6394.00     1.405E-16
 6395.50     1.375E-16
 6397.00     1.346E-16
 6398.50     1.264E-16
 6400.00     1.327E-16
 6401.50     1.339E-16
 6403.00     1.401E-16
 6404.50     1.432E-16
 6406.00     1.414E-16
 6407.50     1.475E-16
 6409.00     1.511E-16
 6410.50     1.574E-16
 6412.00     1.580E-16
 6413.50     1.538E-16
 6415.00     1.488E-16
 6416.50     1.523E-16
 6418.00     1.579E-16
 6419.50     1.494E-16
 6421.00     1.462E-16
 6422.50     1.519E-16
 6424.00     1.560E-16
 6425.50     1.579E-16
 6427.00     1.558E-16
 6428.50     1.587E-16
 6430.00     1.509E-16
 6431.50     1.510E-16
 6433.00     1.508E-16
 6434.50     1.452E-16
 6436.00     1.430E-16
 6437.50     1.528E-16
 6439.00     1.524E-16
 6440.50     1.375E-16
 6442.00     1.487E-16
 6443.50     1.614E-16
 6445.00     1.599E-16
 6446.50     1.651E-16
 6448.00     1.685E-16
 6449.50     1.568E-16
 6451.00     1.571E-16
 6452.50     1.596E-16
 6454.00     1.554E-16
 6455.50     1.523E-16
 6457.00     1.536E-16
 6458.50     1.508E-16
 6460.00     1.580E-16
 6461.50     1.521E-16
 6463.00     1.516E-16
 6464.50     1.486E-16
 6466.00     1.424E-16
 6467.50     1.453E-16
 6469.00     1.424E-16
 6470.50     1.466E-16
 6472.00     1.464E-16
 6473.50     1.447E-16
 6475.00     1.463E-16
 6476.50     1.474E-16
 6478.00     1.504E-16
 6479.50     1.486E-16
 6481.00     1.541E-16
 6482.50     1.514E-16
 6484.00     1.514E-16
 6485.50     1.477E-16
 6487.00     1.426E-16
 6488.50     1.505E-16
 6490.00     1.481E-16
 6491.50     1.459E-16
 6493.00     1.473E-16
 6494.50     1.475E-16
 6496.00     1.347E-16
 6497.50     1.443E-16
 6499.00     1.583E-16
 6500.50     1.577E-16
 6502.00     1.538E-16
 6503.50     1.481E-16
 6505.00     1.499E-16
 6506.50     1.505E-16
 6508.00     1.497E-16
 6509.50     1.465E-16
 6511.00     1.471E-16
 6512.50     1.398E-16
 6514.00     1.427E-16
 6515.50     1.459E-16
 6517.00     1.570E-16
 6518.50     1.534E-16
 6520.00     1.485E-16
 6521.50     1.381E-16
 6523.00     1.417E-16
 6524.50     1.466E-16
 6526.00     1.541E-16
 6527.50     1.458E-16
 6529.00     1.457E-16
 6530.50     1.428E-16
 6532.00     1.480E-16
 6533.50     1.571E-16
 6535.00     1.524E-16
 6536.50     1.484E-16
 6538.00     1.523E-16
 6539.50     1.494E-16
 6541.00     1.396E-16
 6542.50     1.429E-16
 6544.00     1.556E-16
 6545.50     1.491E-16
 6547.00     1.363E-16
 6548.50     1.379E-16
 6550.00     1.407E-16
 6551.50     1.433E-16
 6553.00     1.375E-16
 6554.50     1.409E-16
 6556.00     1.415E-16
 6557.50     1.336E-16
 6559.00     1.371E-16
 6560.50     1.422E-16
 6562.00     1.397E-16
 6563.50     1.361E-16
 6565.00     1.276E-16
 6566.50     1.287E-16
 6568.00     1.370E-16
 6569.50     1.358E-16
 6571.00     1.299E-16
 6572.50     1.329E-16
 6574.00     1.384E-16
 6575.50     1.336E-16
 6577.00     1.353E-16
 6578.50     1.393E-16
 6580.00     1.374E-16
 6581.50     1.422E-16
 6583.00     1.397E-16
 6584.50     1.379E-16
 6586.00     1.381E-16
 6587.50     1.463E-16
 6589.00     1.430E-16
 6590.50     1.411E-16
 6592.00     1.400E-16
 6593.50     1.421E-16
 6595.00     1.418E-16
 6596.50     1.343E-16
 6598.00     1.375E-16
 6599.50     1.317E-16
 6601.00     1.291E-16
 6602.50     1.339E-16
 6604.00     1.335E-16
 6605.50     1.392E-16
 6607.00     1.418E-16
 6608.50     1.408E-16
 6610.00     1.463E-16
 6611.50     1.456E-16
 6613.00     1.384E-16
 6614.50     1.361E-16
 6616.00     1.342E-16
 6617.50     1.422E-16
 6619.00     1.331E-16
 6620.50     1.310E-16
 6622.00     1.346E-16
 6623.50     1.316E-16
 6625.00     1.338E-16
 6626.50     1.373E-16
 6628.00     1.362E-16
 6629.50     1.370E-16
 6631.00     1.386E-16
 6632.50     1.386E-16
 6634.00     1.399E-16
 6635.50     1.378E-16
 6637.00     1.372E-16
 6638.50     1.357E-16
 6640.00     1.405E-16
 6641.50     1.348E-16
 6643.00     1.355E-16
 6644.50     1.344E-16
 6646.00     1.331E-16
 6647.50     1.255E-16
 6649.00     1.302E-16
 6650.50     1.311E-16
 6652.00     1.307E-16
 6653.50     1.290E-16
 6655.00     1.261E-16
 6656.50     1.283E-16
 6658.00     1.289E-16
 6659.50     1.376E-16
 6661.00     1.414E-16
 6662.50     1.372E-16
 6664.00     1.353E-16
 6665.50     1.260E-16
 6667.00     1.280E-16
 6668.50     1.400E-16
 6670.00     1.449E-16
 6671.50     1.424E-16
 6673.00     1.313E-16
 6674.50     1.294E-16
 6676.00     1.313E-16
 6677.50     1.264E-16
 6679.00     1.260E-16
 6680.50     1.359E-16
 6682.00     1.322E-16
 6683.50     1.304E-16
 6685.00     1.362E-16
 6686.50     1.362E-16
 6688.00     1.339E-16
 6689.50     1.286E-16
 6691.00     1.217E-16
 6692.50     1.291E-16
 6694.00     1.321E-16
 6695.50     1.329E-16
 6697.00     1.377E-16
 6698.50     1.380E-16
 6700.00     1.348E-16
 6701.50     1.371E-16
 6703.00     1.291E-16
 6704.50     1.376E-16
 6706.00     1.332E-16
 6707.50     1.307E-16
 6709.00     1.287E-16
 6710.50     1.299E-16
 6712.00     1.327E-16
 6713.50     1.365E-16
 6715.00     1.345E-16
 6716.50     1.307E-16
 6718.00     1.355E-16
 6719.50     1.339E-16
 6721.00     1.353E-16
 6722.50     1.357E-16
 6724.00     1.316E-16
 6725.50     1.343E-16
 6727.00     1.359E-16
 6728.50     1.354E-16
 6730.00     1.430E-16
 6731.50     1.474E-16
 6733.00     1.505E-16
 6734.50     1.420E-16
 6736.00     1.338E-16
 6737.50     1.437E-16
 6739.00     1.475E-16
 6740.50     1.491E-16
 6742.00     1.450E-16
 6743.50     1.398E-16
 6745.00     1.345E-16
 6746.50     1.371E-16
 6748.00     1.407E-16
 6749.50     1.465E-16
 6751.00     1.388E-16
 6752.50     1.376E-16
 6754.00     1.368E-16
 6755.50     1.323E-16
 6757.00     1.373E-16
 6758.50     1.404E-16
 6760.00     1.363E-16
 6761.50     1.386E-16
 6763.00     1.377E-16
 6764.50     1.383E-16
 6766.00     1.378E-16
 6767.50     1.425E-16
 6769.00     1.388E-16
 6770.50     1.331E-16
 6772.00     1.443E-16
 6773.50     1.402E-16
 6775.00     1.422E-16
 6776.50     1.377E-16
 6778.00     1.421E-16
 6779.50     1.460E-16
 6781.00     1.428E-16
 6782.50     1.435E-16
 6784.00     1.360E-16
 6785.50     1.374E-16
 6787.00     1.301E-16
 6788.50     1.294E-16
 6790.00     1.302E-16
 6791.50     1.356E-16
 6793.00     1.316E-16
 6794.50     1.329E-16
 6796.00     1.378E-16
 6797.50     1.297E-16
 6799.00     1.313E-16
 6800.50     1.318E-16
 6802.00     1.431E-16
 6803.50     1.362E-16
 6805.00     1.390E-16
 6806.50     1.350E-16
 6808.00     1.343E-16
 6809.50     1.322E-16
 6811.00     1.402E-16
 6812.50     1.381E-16
 6814.00     1.392E-16
 6815.50     1.372E-16
 6817.00     1.380E-16
 6818.50     1.380E-16
 6820.00     1.385E-16
 6821.50     1.387E-16
 6823.00     1.375E-16
 6824.50     1.356E-16
 6826.00     1.373E-16
 6827.50     1.419E-16
 6829.00     1.445E-16
 6830.50     1.310E-16
 6832.00     1.261E-16
 6833.50     1.315E-16
 6835.00     1.280E-16
 6836.50     1.336E-16
 6838.00     1.359E-16
 6839.50     1.408E-16
 6841.00     1.364E-16
 6842.50     1.345E-16
 6844.00     1.367E-16
 6845.50     1.374E-16
 6847.00     1.357E-16
 6848.50     1.350E-16
 6850.00     1.282E-16
 6851.50     1.389E-16
 6853.00     1.303E-16
 6854.50     1.395E-16
 6856.00     1.343E-16
 6857.50     1.363E-16
 6859.00     1.387E-16
 6860.50     1.381E-16
 6862.00     1.374E-16
 6863.50     1.416E-16
 6865.00     1.371E-16
 6866.50     1.300E-16
 6868.00     1.208E-16
 6869.50     1.220E-16
 6871.00     1.067E-16
 6872.50     9.559E-17
 6874.00     9.555E-17
 6875.50     1.018E-16
 6877.00     1.071E-16
 6878.50     1.134E-16
 6880.00     1.121E-16
 6881.50     1.157E-16
 6883.00     1.199E-16
 6884.50     1.262E-16
 6886.00     1.228E-16
 6887.50     1.185E-16
 6889.00     1.212E-16
 6890.50     1.180E-16
 6892.00     1.270E-16
 6893.50     1.201E-16
 6895.00     1.191E-16
 6896.50     1.229E-16
 6898.00     1.215E-16
 6899.50     1.192E-16
 6901.00     1.267E-16
 6902.50     1.261E-16
 6904.00     1.239E-16
 6905.50     1.209E-16
 6907.00     1.244E-16
 6908.50     1.192E-16
 6910.00     1.229E-16
 6911.50     1.277E-16
 6913.00     1.263E-16
 6914.50     1.271E-16
 6916.00     1.342E-16
 6917.50     1.305E-16
 6919.00     1.354E-16
 6920.50     1.386E-16
 6922.00     1.353E-16
 6923.50     1.294E-16
 6925.00     1.340E-16
 6926.50     1.339E-16
 6928.00     1.329E-16
 6929.50     1.294E-16
 6931.00     1.275E-16
 6932.50     1.235E-16
 6934.00     1.283E-16
 6935.50     1.352E-16
 6937.00     1.295E-16
 6938.50     1.307E-16
 6940.00     1.268E-16
 6941.50     1.227E-16
 6943.00     1.264E-16
 6944.50     1.316E-16
 6946.00     1.327E-16
 6947.50     1.346E-16
 6949.00     1.310E-16
 6950.50     1.310E-16
 6952.00     1.412E-16
 6953.50     1.404E-16
 6955.00     1.368E-16
 6956.50     1.369E-16
 6958.00     1.356E-16
 6959.50     1.378E-16
 6961.00     1.421E-16
 6962.50     1.399E-16
 6964.00     1.342E-16
 6965.50     1.356E-16
 6967.00     1.292E-16
 6968.50     1.292E-16
 6970.00     1.296E-16
 6971.50     1.318E-16
 6973.00     1.369E-16
 6974.50     1.375E-16
 6976.00     1.328E-16
 6977.50     1.340E-16
 6979.00     1.359E-16
 6980.50     1.383E-16
 6982.00     1.388E-16
 6983.50     1.339E-16
 6985.00     1.295E-16
 6986.50     1.290E-16
 6988.00     1.324E-16
 6989.50     1.318E-16
 6991.00     1.357E-16
 6992.50     1.339E-16
 6994.00     1.363E-16
 6995.50     1.249E-16
 6997.00     1.262E-16
 6998.50     1.300E-16
 7000.00     1.241E-16
 7001.50     1.282E-16
 7003.00     1.331E-16
 7004.50     1.386E-16
 7006.00     1.318E-16
 7007.50     1.280E-16
 7009.00     1.296E-16
 7010.50     1.315E-16
 7012.00     1.371E-16
 7013.50     1.300E-16
 7015.00     1.316E-16
 7016.50     1.296E-16
 7018.00     1.352E-16
 7019.50     1.243E-16
 7021.00     1.285E-16
 7022.50     1.235E-16
 7024.00     1.225E-16
 7025.50     1.321E-16
 7027.00     1.287E-16
 7028.50     1.276E-16
 7030.00     1.315E-16
 7031.50     1.346E-16
 7033.00     1.325E-16
 7034.50     1.307E-16
 7036.00     1.291E-16
 7037.50     1.306E-16
 7039.00     1.361E-16
 7040.50     1.336E-16
 7042.00     1.323E-16
 7043.50     1.314E-16
 7045.00     1.291E-16
 7046.50     1.296E-16
 7048.00     1.306E-16
 7049.50     1.306E-16
 7051.00     1.314E-16
 7052.50     1.351E-16
 7054.00     1.315E-16
 7055.50     1.318E-16
 7057.00     1.363E-16
 7058.50     1.339E-16
 7060.00     1.311E-16
 7061.50     1.307E-16
 7063.00     1.326E-16
 7064.50     1.381E-16
 7066.00     1.415E-16
 7067.50     1.384E-16
 7069.00     1.322E-16
 7070.50     1.310E-16
 7072.00     1.361E-16
 7073.50     1.375E-16
 7075.00     1.415E-16
 7076.50     1.398E-16
 7078.00     1.421E-16
 7079.50     1.391E-16
 7081.00     1.404E-16
 7082.50     1.441E-16
 7084.00     1.369E-16
 7085.50     1.353E-16
 7087.00     1.362E-16
 7088.50     1.429E-16
 7090.00     1.389E-16
 7091.50     1.416E-16
 7093.00     1.439E-16
 7094.50     1.436E-16
 7096.00     1.356E-16
 7097.50     1.368E-16
 7099.00     1.358E-16
 7100.50     1.366E-16
 7102.00     1.409E-16
 7103.50     1.383E-16
 7105.00     1.363E-16
 7106.50     1.397E-16
 7108.00     1.359E-16
 7109.50     1.395E-16
 7111.00     1.421E-16
 7112.50     1.400E-16
 7114.00     1.365E-16
 7115.50     1.308E-16
 7117.00     1.343E-16
 7118.50     1.385E-16
 7120.00     1.374E-16
 7121.50     1.393E-16
 7123.00     1.442E-16
 7124.50     1.386E-16
 7126.00     1.330E-16
 7127.50     1.391E-16
 7129.00     1.401E-16
 7130.50     1.382E-16
 7132.00     1.436E-16
 7133.50     1.394E-16
 7135.00     1.414E-16
 7136.50     1.445E-16
 7138.00     1.466E-16
 7139.50     1.404E-16
 7141.00     1.424E-16
 7142.50     1.474E-16
 7144.00     1.418E-16
 7145.50     1.383E-16
 7147.00     1.379E-16
 7148.50     1.331E-16
 7150.00     1.312E-16
 7151.50     1.274E-16
 7153.00     1.285E-16
 7154.50     1.335E-16
 7156.00     1.199E-16
 7157.50     1.160E-16
 7159.00     1.176E-16
 7160.50     1.140E-16
 7162.00     1.211E-16
 7163.50     1.165E-16
 7165.00     1.157E-16
 7166.50     1.226E-16
 7168.00     1.298E-16
 7169.50     1.312E-16
 7171.00     1.269E-16
 7172.50     1.350E-16
 7174.00     1.315E-16
 7175.50     1.339E-16
 7177.00     1.303E-16
 7178.50     1.313E-16
 7180.00     1.301E-16
 7181.50     1.300E-16
 7183.00     1.304E-16
 7184.50     1.401E-16
 7186.00     1.359E-16
 7187.50     1.335E-16
 7189.00     1.313E-16
 7190.50     1.359E-16
 7192.00     1.367E-16
 7193.50     1.431E-16
 7195.00     1.324E-16
 7196.50     1.351E-16
 7198.00     1.362E-16
 7199.50     1.395E-16
 7201.00     1.390E-16
 7202.50     1.376E-16
 7204.00     1.399E-16
 7205.50     1.366E-16
 7207.00     1.376E-16
 7208.50     1.354E-16
 7210.00     1.424E-16
 7211.50     1.417E-16
 7213.00     1.387E-16
 7214.50     1.439E-16
 7216.00     1.408E-16
 7217.50     1.405E-16
 7219.00     1.409E-16
 7220.50     1.374E-16
 7222.00     1.339E-16
 7223.50     1.384E-16
 7225.00     1.359E-16
 7226.50     1.342E-16
 7228.00     1.411E-16
 7229.50     1.411E-16
 7231.00     1.413E-16
 7232.50     1.396E-16
 7234.00     1.305E-16
 7235.50     1.274E-16
 7237.00     1.318E-16
 7238.50     1.438E-16
 7240.00     1.415E-16
 7241.50     1.313E-16
 7243.00     1.339E-16
 7244.50     1.366E-16
 7246.00     1.353E-16
 7247.50     1.388E-16
 7249.00     1.366E-16
 7250.50     1.338E-16
 7252.00     1.293E-16
 7253.50     1.311E-16
 7255.00     1.261E-16
 7256.50     1.315E-16
 7258.00     1.387E-16
 7259.50     1.448E-16
 7261.00     1.382E-16
 7262.50     1.379E-16
 7264.00     1.374E-16
 7265.50     1.277E-16
 7267.00     1.320E-16
 7268.50     1.410E-16
 7270.00     1.417E-16
 7271.50     1.451E-16
 7273.00     1.454E-16
 7274.50     1.467E-16
 7276.00     1.486E-16
 7277.50     1.402E-16
 7279.00     1.425E-16
 7280.50     1.391E-16
 7282.00     1.350E-16
 7283.50     1.392E-16
 7285.00     1.332E-16
 7286.50     1.348E-16
 7288.00     1.398E-16
 7289.50     1.350E-16
 7291.00     1.296E-16
 7292.50     1.322E-16
 7294.00     1.390E-16
 7295.50     1.418E-16
 7297.00     1.331E-16
 7298.50     1.250E-16
 7300.00     1.369E-16
 7301.50     1.398E-16
 7303.00     1.358E-16
 7304.50     1.358E-16
 7306.00     1.341E-16
 7307.50     1.393E-16
 7309.00     1.393E-16
 7310.50     1.362E-16
 7312.00     1.290E-16
 7313.50     1.330E-16
 7315.00     1.356E-16
 7316.50     1.360E-16
 7318.00     1.340E-16
 7319.50     1.360E-16
 7321.00     1.337E-16
 7322.50     1.311E-16
 7324.00     1.323E-16
 7325.50     1.359E-16
 7327.00     1.340E-16
 7328.50     1.383E-16
 7330.00     1.348E-16
 7331.50     1.466E-16
 7333.00     1.486E-16
 7334.50     1.407E-16
 7336.00     1.393E-16
 7337.50     1.376E-16
 7339.00     1.383E-16
 7340.50     1.456E-16
 7342.00     1.395E-16
 7343.50     1.429E-16
 7345.00     1.458E-16
 7346.50     1.436E-16
 7348.00     1.409E-16
 7349.50     1.387E-16
 7351.00     1.345E-16
 7352.50     1.307E-16
 7354.00     1.348E-16
 7355.50     1.431E-16
 7357.00     1.409E-16
 7358.50     1.427E-16
 7360.00     1.396E-16
 7361.50     1.425E-16
 7363.00     1.347E-16
 7364.50     1.312E-16
 7366.00     1.359E-16
 7367.50     1.353E-16
 7369.00     1.408E-16
 7370.50     1.367E-16
 7372.00     1.408E-16
 7373.50     1.427E-16
 7375.00     1.370E-16
 7376.50     1.415E-16
 7378.00     1.416E-16
 7379.50     1.375E-16
 7381.00     1.390E-16
 7382.50     1.379E-16
 7384.00     1.426E-16
 7385.50     1.369E-16
 7387.00     1.407E-16
 7388.50     1.362E-16
 7390.00     1.401E-16
 7391.50     1.393E-16
 7393.00     1.439E-16
 7394.50     1.413E-16
 7396.00     1.391E-16
 7397.50     1.378E-16
 7399.00     1.394E-16
 7400.50     1.460E-16
 7402.00     1.470E-16
 7403.50     1.381E-16
 7405.00     1.351E-16
 7406.50     1.380E-16
 7408.00     1.371E-16
 7409.50     1.312E-16
 7411.00     1.398E-16
 7412.50     1.382E-16
 7414.00     1.371E-16
 7415.50     1.310E-16
 7417.00     1.337E-16
 7418.50     1.329E-16
 7420.00     1.335E-16
 7421.50     1.330E-16
 7423.00     1.367E-16
 7424.50     1.341E-16
 7426.00     1.352E-16
 7427.50     1.312E-16
 7429.00     1.293E-16
 7430.50     1.375E-16
 7432.00     1.390E-16
 7433.50     1.394E-16
 7435.00     1.317E-16
 7436.50     1.325E-16
 7438.00     1.383E-16
 7439.50     1.458E-16
 7441.00     1.420E-16
 7442.50     1.367E-16
 7444.00     1.365E-16
 7445.50     1.431E-16
 7447.00     1.418E-16
 7448.50     1.370E-16
 7450.00     1.427E-16
 7451.50     1.428E-16
 7453.00     1.302E-16
 7454.50     1.338E-16
 7456.00     1.398E-16
 7457.50     1.346E-16
 7459.00     1.396E-16
 7460.50     1.408E-16
 7462.00     1.417E-16
 7463.50     1.355E-16
 7465.00     1.379E-16
 7466.50     1.350E-16
 7468.00     1.354E-16
 7469.50     1.334E-16
 7471.00     1.358E-16
 7472.50     1.369E-16
 7474.00     1.419E-16
 7475.50     1.381E-16
 7477.00     1.354E-16
 7478.50     1.379E-16
 7480.00     1.322E-16
 7481.50     1.338E-16
 7483.00     1.273E-16
 7484.50     1.292E-16
 7486.00     1.357E-16
 7487.50     1.328E-16
 7489.00     1.296E-16
 7490.50     1.318E-16
 7492.00     1.227E-16
 7493.50     1.259E-16
 7495.00     1.341E-16
 7496.50     1.281E-16
 7498.00     1.274E-16
 7499.50     1.334E-16
 7501.00     1.402E-16
 7502.50     1.359E-16
 7504.00     1.420E-16
 7505.50     1.422E-16
 7507.00     1.392E-16
 7508.50     1.359E-16
 7510.00     1.407E-16
 7511.50     1.346E-16
 7513.00     1.347E-16
 7514.50     1.378E-16
 7516.00     1.255E-16
 7517.50     1.306E-16
 7519.00     1.254E-16
 7520.50     1.259E-16
 7522.00     1.346E-16
 7523.50     1.311E-16
 7525.00     1.334E-16
 7526.50     1.340E-16
 7528.00     1.390E-16
 7529.50     1.448E-16
 7531.00     1.389E-16
 7532.50     1.357E-16
 7534.00     1.335E-16
 7535.50     1.334E-16
 7537.00     1.312E-16
 7538.50     1.354E-16
 7540.00     1.338E-16
 7541.50     1.321E-16
 7543.00     1.342E-16
 7544.50     1.325E-16
 7546.00     1.317E-16
 7547.50     1.344E-16
 7549.00     1.278E-16
 7550.50     1.270E-16
 7552.00     1.317E-16
 7553.50     1.390E-16
 7555.00     1.338E-16
 7556.50     1.299E-16
 7558.00     1.309E-16
 7559.50     1.342E-16
 7561.00     1.307E-16
 7562.50     1.279E-16
 7564.00     1.339E-16
 7565.50     1.390E-16
 7567.00     1.353E-16
 7568.50     1.264E-16
 7570.00     1.214E-16
 7571.50     1.239E-16
 7573.00     1.330E-16
 7574.50     1.339E-16
 7576.00     1.273E-16
 7577.50     1.304E-16
 7579.00     1.377E-16
 7580.50     1.397E-16
 7582.00     1.311E-16
 7583.50     1.280E-16
 7585.00     1.290E-16
 7586.50     1.330E-16
 7588.00     1.369E-16
 7589.50     1.275E-16
 7591.00     1.384E-16
 7592.50     1.433E-16
 7594.00     1.401E-16
 7595.50     1.475E-16
 7597.00     1.474E-16
 7598.50     1.282E-16
 7600.00     1.103E-16
 7601.50     1.088E-16
 7603.00     1.161E-16
 7604.50     1.080E-16
 7606.00     1.026E-16
 7607.50     9.696E-17
 7609.00     1.026E-16
 7610.50     1.009E-16
 7612.00     1.076E-16
 7613.50     1.067E-16
 7615.00     1.016E-16
 7616.50     1.132E-16
 7618.00     1.284E-16
 7619.50     1.371E-16
 7621.00     1.358E-16
 7622.50     1.512E-16
 7624.00     1.469E-16
 7625.50     1.411E-16
 7627.00     1.308E-16
 7628.50     1.343E-16
 7630.00     1.374E-16
 7631.50     1.284E-16
 7633.00     1.314E-16
 7634.50     1.322E-16
 7636.00     1.268E-16
 7637.50     1.302E-16
 7639.00     1.270E-16
 7640.50     1.211E-16
 7642.00     1.352E-16
 7643.50     1.325E-16
 7645.00     1.324E-16
 7646.50     1.361E-16
 7648.00     1.315E-16
 7649.50     1.324E-16
 7651.00     1.422E-16
 7652.50     1.453E-16
 7654.00     1.354E-16
 7655.50     1.507E-16
 7657.00     1.494E-16
 7658.50     1.416E-16
 7660.00     1.402E-16
 7661.50     1.394E-16
 7663.00     1.360E-16
 7664.50     1.313E-16
 7666.00     1.397E-16
 7667.50     1.402E-16
 7669.00     1.398E-16
 7670.50     1.439E-16
 7672.00     1.378E-16
 7673.50     1.354E-16
 7675.00     1.306E-16
 7676.50     1.306E-16
 7678.00     1.305E-16
 7679.50     1.320E-16
 7681.00     1.382E-16
 7682.50     1.416E-16
 7684.00     1.469E-16
 7685.50     1.348E-16
 7687.00     1.301E-16
 7688.50     1.284E-16
 7690.00     1.355E-16
 7691.50     1.471E-16
 7693.00     1.372E-16
 7694.50     1.402E-16
 7696.00     1.442E-16
 7697.50     1.406E-16
 7699.00     1.439E-16
 7700.50     1.457E-16
 7702.00     1.464E-16
 7703.50     1.441E-16
 7705.00     1.369E-16
 7706.50     1.330E-16
 7708.00     1.382E-16
 7709.50     1.331E-16
 7711.00     1.373E-16
 7712.50     1.413E-16
 7714.00     1.311E-16
 7715.50     1.364E-16
 7717.00     1.494E-16
 7718.50     1.417E-16
 7720.00     1.376E-16
 7721.50     1.356E-16
 7723.00     1.379E-16
 7724.50     1.394E-16
 7726.00     1.286E-16
 7727.50     1.273E-16
 7729.00     1.364E-16
 7730.50     1.421E-16
 7732.00     1.407E-16
 7733.50     1.304E-16
 7735.00     1.303E-16
 7736.50     1.400E-16
 7738.00     1.489E-16
 7739.50     1.413E-16
 7741.00     1.393E-16
 7742.50     1.310E-16
 7744.00     1.283E-16
 7745.50     1.264E-16
 7747.00     1.279E-16
 7748.50     1.331E-16
 7750.00     1.408E-16
 7751.50     1.383E-16
 7753.00     1.371E-16
 7754.50     1.348E-16
 7756.00     1.378E-16
 7757.50     1.418E-16
 7759.00     1.366E-16
 7760.50     1.331E-16
 7762.00     1.289E-16
 7763.50     1.265E-16
 7765.00     1.328E-16
 7766.50     1.303E-16
 7768.00     1.304E-16
 7769.50     1.299E-16
 7771.00     1.296E-16
 7772.50     1.404E-16
 7774.00     1.311E-16
 7775.50     1.277E-16
 7777.00     1.293E-16
 7778.50     1.309E-16
 7780.00     1.379E-16
 7781.50     1.331E-16
 7783.00     1.284E-16
 7784.50     1.389E-16
 7786.00     1.396E-16
 7787.50     1.324E-16
 7789.00     1.330E-16
 7790.50     1.392E-16
 7792.00     1.350E-16
 7793.50     1.383E-16
 7795.00     1.392E-16
 7796.50     1.263E-16
 7798.00     1.364E-16
 7799.50     1.305E-16
 7801.00     1.310E-16
 7802.50     1.379E-16
 7804.00     1.365E-16
 7805.50     1.289E-16
 7807.00     1.309E-16
 7808.50     1.307E-16
 7810.00     1.339E-16
 7811.50     1.368E-16
 7813.00     1.328E-16
 7814.50     1.322E-16
 7816.00     1.342E-16
 7817.50     1.368E-16
 7819.00     1.361E-16
 7820.50     1.419E-16
 7822.00     1.388E-16
 7823.50     1.384E-16
 7825.00     1.433E-16
 7826.50     1.464E-16
 7828.00     1.395E-16
 7829.50     1.344E-16
 7831.00     1.420E-16
 7832.50     1.407E-16
 7834.00     1.406E-16
 7835.50     1.379E-16
 7837.00     1.300E-16
 7838.50     1.314E-16
 7840.00     1.329E-16
 7841.50     1.333E-16
 7843.00     1.397E-16
 7844.50     1.467E-16
 7846.00     1.429E-16
 7847.50     1.392E-16
 7849.00     1.445E-16
 7850.50     1.418E-16
 7852.00     1.464E-16
 7853.50     1.429E-16
 7855.00     1.382E-16
 7856.50     1.393E-16
 7858.00     1.428E-16
 7859.50     1.504E-16
 7861.00     1.422E-16
 7862.50     1.328E-16
 7864.00     1.389E-16
 7865.50     1.414E-16
 7867.00     1.436E-16
 7868.50     1.465E-16
 7870.00     1.576E-16
 7871.50     1.555E-16
 7873.00     1.518E-16
 7874.50     1.490E-16
 7876.00     1.552E-16
 7877.50     1.535E-16
 7879.00     1.487E-16
 7880.50     1.521E-16
 7882.00     1.481E-16
 7883.50     1.518E-16
 7885.00     1.524E-16
 7886.50     1.609E-16
 7888.00     1.595E-16
 7889.50     1.705E-16
 7891.00     1.628E-16
 7892.50     1.564E-16
 7894.00     1.617E-16
 7895.50     1.690E-16
 7897.00     1.660E-16
 7898.50     1.689E-16
 7900.00     1.819E-16
 7901.50     1.772E-16
 7903.00     1.730E-16
 7904.50     1.783E-16
 7906.00     1.816E-16
 7907.50     1.983E-16
 7909.00     1.979E-16
 7910.50     1.921E-16
 7912.00     1.911E-16
 7913.50     1.970E-16
 7915.00     1.977E-16
 7916.50     2.040E-16
 7918.00     2.138E-16
 7919.50     2.167E-16
 7921.00     2.151E-16
 7922.50     2.185E-16
 7924.00     2.157E-16
 7925.50     2.243E-16
 7927.00     2.312E-16
 7928.50     2.232E-16
 7930.00     2.293E-16
 7931.50     2.385E-16
 7933.00     2.376E-16
 7934.50     2.403E-16
 7936.00     2.455E-16
 7937.50     2.562E-16
 7939.00     2.519E-16
 7940.50     2.564E-16
 7942.00     2.639E-16
 7943.50     2.669E-16
 7945.00     2.756E-16
 7946.50     2.843E-16
 7948.00     2.894E-16
 7949.50     2.996E-16
 7951.00     3.062E-16
 7952.50     3.174E-16
 7954.00     3.243E-16
 7955.50     3.212E-16
 7957.00     3.328E-16
 7958.50     3.438E-16
 7960.00     3.414E-16
 7961.50     3.296E-16
 7963.00     3.350E-16
 7964.50     3.472E-16
 7966.00     3.624E-16
 7967.50     3.712E-16
 7969.00     3.787E-16
 7970.50     3.907E-16
 7972.00     4.094E-16
 7973.50     4.164E-16
 7975.00     4.162E-16
 7976.50     4.231E-16
 7978.00     4.131E-16
 7979.50     4.051E-16
 7981.00     4.027E-16
 7982.50     4.068E-16
 7984.00     4.026E-16
 7985.50     3.972E-16
 7987.00     4.017E-16
 7988.50     4.110E-16
 7990.00     4.270E-16
 7991.50     4.271E-16
 7993.00     4.442E-16
 7994.50     4.618E-16
 7996.00     4.696E-16
 7997.50     5.000E-16
 7999.00     5.075E-16
 8000.50     4.931E-16
 8002.00     4.866E-16
 8003.50     4.791E-16
 8005.00     4.508E-16
 8006.50     4.421E-16
 8008.00     4.247E-16
 8009.50     4.071E-16
 8011.00     4.002E-16
 8012.50     4.013E-16
 8014.00     3.963E-16
 8015.50     3.987E-16
 8017.00     3.841E-16
 8018.50     3.842E-16
 8020.00     3.793E-16
 8021.50     3.657E-16
 8023.00     3.607E-16
 8024.50     3.669E-16
 8026.00     3.580E-16
 8027.50     3.461E-16
 8029.00     3.493E-16
 8030.50     3.430E-16
 8032.00     3.374E-16
 8033.50     3.225E-16
 8035.00     3.113E-16
 8036.50     3.044E-16
 8038.00     3.017E-16
 8039.50     3.023E-16
 8041.00     3.002E-16
 8042.50     2.874E-16
 8044.00     2.727E-16
 8045.50     2.711E-16
 8047.00     2.670E-16
 8048.50     2.551E-16
 8050.00     2.446E-16
 8051.50     2.409E-16
 8053.00     2.361E-16
 8054.50     2.392E-16
 8056.00     2.339E-16
 8057.50     2.263E-16
 8059.00     2.236E-16
 8060.50     2.251E-16
 8062.00     2.174E-16
 8063.50     2.125E-16
 8065.00     2.054E-16
 8066.50     1.985E-16
 8068.00     1.947E-16
 8069.50     2.051E-16
 8071.00     2.012E-16
 8072.50     1.960E-16
 8074.00     1.921E-16
 8075.50     1.852E-16
 8077.00     1.811E-16
 8078.50     1.806E-16
 8080.00     1.737E-16
 8081.50     1.792E-16
 8083.00     1.810E-16
 8084.50     1.786E-16
 8086.00     1.765E-16
 8087.50     1.802E-16
 8089.00     1.818E-16
 8090.50     1.808E-16
 8092.00     1.737E-16
 8093.50     1.743E-16
 8095.00     1.734E-16
 8096.50     1.743E-16
 8098.00     1.803E-16
 8099.50     1.695E-16
 8101.00     1.676E-16
 8102.50     1.582E-16
 8104.00     1.552E-16
 8105.50     1.586E-16
 8107.00     1.674E-16
 8108.50     1.701E-16
 8110.00     1.632E-16
 8111.50     1.565E-16
 8113.00     1.632E-16
 8114.50     1.599E-16
 8116.00     1.471E-16
 8117.50     1.508E-16
 8119.00     1.629E-16
 8120.50     1.566E-16
 8122.00     1.567E-16
 8123.50     1.585E-16
 8125.00     1.496E-16
 8126.50     1.517E-16
 8128.00     1.543E-16
 8129.50     1.614E-16
 8131.00     1.558E-16
 8132.50     1.518E-16
 8134.00     1.466E-16
 8135.50     1.419E-16
 8137.00     1.449E-16
 8138.50     1.351E-16
 8140.00     1.364E-16
 8141.50     1.413E-16
 8143.00     1.442E-16
 8144.50     1.445E-16
 8146.00     1.475E-16
 8147.50     1.458E-16
 8149.00     1.463E-16
 8150.50     1.360E-16
 8152.00     1.387E-16
 8153.50     1.471E-16
 8155.00     1.521E-16
 8156.50     1.557E-16
 8158.00     1.637E-16
 8159.50     1.574E-16
 8161.00     1.628E-16
 8162.50     1.599E-16
 8164.00     1.549E-16
 8165.50     1.573E-16
 8167.00     1.483E-16
 8168.50     1.467E-16
 8170.00     1.462E-16
 8171.50     1.406E-16
 8173.00     1.443E-16
 8174.50     1.536E-16
 8176.00     1.561E-16
 8177.50     1.511E-16
 8179.00     1.544E-16
 8180.50     1.551E-16
 8182.00     1.473E-16
 8183.50     1.530E-16
 8185.00     1.438E-16
 8186.50     1.451E-16
 8188.00     1.450E-16
 8189.50     1.362E-16
 8191.00     1.334E-16
 8192.50     1.326E-16
 8194.00     1.308E-16
 8195.50     1.289E-16
 8197.00     1.352E-16
 8198.50     1.349E-16
 8200.00     1.210E-16
 8201.50     1.230E-16
 8203.00     1.328E-16
 8204.50     1.353E-16
 8206.00     1.343E-16
 8207.50     1.355E-16
 8209.00     1.333E-16
 8210.50     1.350E-16
 8212.00     1.349E-16
 8213.50     1.315E-16
 8215.00     1.333E-16
 8216.50     1.289E-16
 8218.00     1.343E-16
 8219.50     1.371E-16
 8221.00     1.299E-16
 8222.50     1.232E-16
 8224.00     1.200E-16
 8225.50     1.275E-16
 8227.00     1.245E-16
 8228.50     1.188E-16
 8230.00     1.198E-16
 8231.50     1.231E-16
 8233.00     1.244E-16
 8234.50     1.210E-16
 8236.00     1.285E-16
 8237.50     1.242E-16
 8239.00     1.190E-16
 8240.50     1.221E-16
 8242.00     1.361E-16
 8243.50     1.295E-16
 8245.00     1.192E-16
 8246.50     1.237E-16
 8248.00     1.289E-16
 8249.50     1.388E-16
 8251.00     1.358E-16
 8252.50     1.318E-16
 8254.00     1.325E-16
 8255.50     1.233E-16
 8257.00     1.231E-16
 8258.50     1.271E-16
 8260.00     1.241E-16
 8261.50     1.269E-16
 8263.00     1.287E-16
 8264.50     1.242E-16
 8266.00     1.292E-16
 8267.50     1.261E-16
 8269.00     1.338E-16
 8270.50     1.232E-16
 8272.00     1.247E-16
 8273.50     1.369E-16
 8275.00     1.308E-16
 8276.50     1.293E-16
 8278.00     1.379E-16
 8279.50     1.305E-16
 8281.00     1.202E-16
 8282.50     1.306E-16
 8284.00     1.281E-16
 8285.50     1.246E-16
 8287.00     1.287E-16
 8288.50     1.293E-16
 8290.00     1.283E-16
 8291.50     1.182E-16
 8293.00     1.282E-16
 8294.50     1.355E-16
 8296.00     1.276E-16
 8297.50     1.216E-16
 8299.00     1.238E-16
 8300.50     1.278E-16
 8302.00     1.309E-16
 8303.50     1.312E-16
 8305.00     1.290E-16
 8306.50     1.288E-16
 8308.00     1.267E-16
 8309.50     1.195E-16
 8311.00     1.272E-16
 8312.50     1.350E-16
 8314.00     1.289E-16
 8315.50     1.241E-16
 8317.00     1.213E-16
 8318.50     1.190E-16
 8320.00     1.198E-16
 8321.50     1.128E-16
 8323.00     1.161E-16
 8324.50     1.218E-16
 8326.00     1.130E-16
 8327.50     1.218E-16
 8329.00     1.330E-16
 8330.50     1.247E-16
 8332.00     1.113E-16
 8333.50     1.214E-16
 8335.00     1.192E-16
 8336.50     1.195E-16
 8338.00     1.177E-16
 8339.50     1.243E-16
 8341.00     1.327E-16
 8342.50     1.282E-16
 8344.00     1.197E-16
 8345.50     1.190E-16
 8347.00     1.291E-16
 8348.50     1.268E-16
 8350.00     1.284E-16
 8351.50     1.287E-16
 8353.00     1.329E-16
 8354.50     1.364E-16
 8356.00     1.273E-16
 8357.50     1.314E-16
 8359.00     1.264E-16
 8360.50     1.244E-16
 8362.00     1.258E-16
 8363.50     1.282E-16
 8365.00     1.162E-16
 8366.50     1.266E-16
 8368.00     1.318E-16
 8369.50     1.233E-16
 8371.00     1.275E-16
 8372.50     1.269E-16
 8374.00     1.303E-16
 8375.50     1.303E-16
 8377.00     1.281E-16
 8378.50     1.291E-16
 8380.00     1.332E-16
 8381.50     1.305E-16
 8383.00     1.349E-16
 8384.50     1.333E-16
 8386.00     1.363E-16
 8387.50     1.270E-16
 8389.00     1.226E-16
 8390.50     1.274E-16
 8392.00     1.294E-16
 8393.50     1.272E-16
 8395.00     1.267E-16
 8396.50     1.224E-16
 8398.00     1.244E-16
 8399.50     1.230E-16
 8401.00     1.333E-16
 8402.50     1.358E-16
 8404.00     1.267E-16
 8405.50     1.361E-16
 8407.00     1.319E-16
 8408.50     1.341E-16
 8410.00     1.339E-16
 8411.50     1.265E-16
 8413.00     1.277E-16
 8414.50     1.342E-16
 8416.00     1.307E-16
 8417.50     1.325E-16
 8419.00     1.247E-16
 8420.50     1.244E-16
 8422.00     1.338E-16
 8423.50     1.279E-16
 8425.00     1.263E-16
 8426.50     1.343E-16
 8428.00     1.334E-16
 8429.50     1.332E-16
 8431.00     1.301E-16
 8432.50     1.247E-16
 8434.00     1.212E-16
 8435.50     1.295E-16
 8437.00     1.281E-16
 8438.50     1.236E-16
 8440.00     1.254E-16
 8441.50     1.218E-16
 8443.00     1.170E-16
 8444.50     1.213E-16
 8446.00     1.293E-16
 8447.50     1.312E-16
 8449.00     1.355E-16
 8450.50     1.264E-16
 8452.00     1.233E-16
 8453.50     1.257E-16
 8455.00     1.291E-16
 8456.50     1.361E-16
 8458.00     1.280E-16
 8459.50     1.271E-16
 8461.00     1.269E-16
 8462.50     1.226E-16
 8464.00     1.269E-16
 8465.50     1.244E-16
 8467.00     1.269E-16
 8468.50     1.339E-16
 8470.00     1.374E-16
 8471.50     1.364E-16
 8473.00     1.303E-16
 8474.50     1.299E-16
 8476.00     1.205E-16
 8477.50     1.225E-16
 8479.00     1.258E-16
 8480.50     1.272E-16
 8482.00     1.236E-16
 8483.50     1.235E-16
 8485.00     1.251E-16
 8486.50     1.330E-16
 8488.00     1.282E-16
 8489.50     1.236E-16
 8491.00     1.226E-16
 8492.50     1.253E-16
 8494.00     1.273E-16
 8495.50     1.337E-16
 8497.00     1.307E-16
 8498.50     1.263E-16
 8500.00     1.221E-16
 8501.50     1.162E-16
 8503.00     1.232E-16
 8504.50     1.282E-16
 8506.00     1.305E-16
 8507.50     1.297E-16
 8509.00     1.397E-16
 8510.50     1.398E-16
 8512.00     1.270E-16
 8513.50     1.275E-16
 8515.00     1.277E-16
 8516.50     1.291E-16
 8518.00     1.264E-16
 8519.50     1.251E-16
 8521.00     1.297E-16
 8522.50     1.329E-16
 8524.00     1.258E-16
 8525.50     1.212E-16
 8527.00     1.308E-16
 8528.50     1.243E-16
 8530.00     1.228E-16
 8531.50     1.239E-16
 8533.00     1.275E-16
 8534.50     1.328E-16
 8536.00     1.245E-16
 8537.50     1.293E-16
 8539.00     1.373E-16
 8540.50     1.373E-16
 8542.00     1.286E-16
 8543.50     1.367E-16
 8545.00     1.388E-16
 8546.50     1.229E-16
 8548.00     1.311E-16
 8549.50     1.350E-16
 8551.00     1.265E-16
 8552.50     1.313E-16
 8554.00     1.238E-16
 8555.50     1.310E-16
 8557.00     1.316E-16
 8558.50     1.222E-16
 8560.00     1.212E-16
 8561.50     1.244E-16
 8563.00     1.270E-16
 8564.50     1.292E-16
 8566.00     1.299E-16
 8567.50     1.239E-16
 8569.00     1.257E-16
 8570.50     1.230E-16
 8572.00     1.237E-16
 8573.50     1.324E-16
 8575.00     1.265E-16
 8576.50     1.264E-16
 8578.00     1.222E-16
 8579.50     1.243E-16
 8581.00     1.236E-16
 8582.50     1.252E-16
 8584.00     1.275E-16
 8585.50     1.226E-16
 8587.00     1.282E-16
 8588.50     1.303E-16
 8590.00     1.283E-16
 8591.50     1.292E-16
 8593.00     1.194E-16
 8594.50     1.215E-16
 8596.00     1.235E-16
 8597.50     1.259E-16
 8599.00     1.240E-16
 8600.50     1.256E-16
 8602.00     1.225E-16
 8603.50     1.221E-16
 8605.00     1.192E-16
 8606.50     1.204E-16
 8608.00     1.232E-16
 8609.50     1.183E-16
 8611.00     1.199E-16
 8612.50     1.126E-16
 8614.00     1.137E-16
 8615.50     1.169E-16
 8617.00     1.144E-16
 8618.50     1.230E-16
 8620.00     1.211E-16
 8621.50     1.261E-16
 8623.00     1.246E-16
 8624.50     1.238E-16
 8626.00     1.201E-16
 8627.50     1.273E-16
 8629.00     1.167E-16
 8630.50     1.082E-16
 8632.00     1.080E-16
 8633.50     1.190E-16
 8635.00     1.191E-16
 8636.50     1.129E-16
 8638.00     1.151E-16
 8639.50     1.199E-16
 8641.00     1.248E-16
 8642.50     1.281E-16
 8644.00     1.222E-16
 8645.50     1.213E-16
 8647.00     1.237E-16
 8648.50     1.179E-16
 8650.00     1.193E-16
 8651.50     1.322E-16
 8653.00     1.332E-16
 8654.50     1.190E-16
 8656.00     1.116E-16
 8657.50     1.161E-16
 8659.00     1.081E-16
 8660.50     1.204E-16
 8662.00     1.213E-16
 8663.50     1.216E-16
 8665.00     1.190E-16
 8666.50     1.136E-16
 8668.00     1.113E-16
 8669.50     1.215E-16
 8671.00     1.239E-16
 8672.50     1.148E-16
 8674.00     1.131E-16
 8675.50     1.307E-16
 8677.00     1.234E-16
 8678.50     1.160E-16
 8680.00     1.130E-16
 8681.50     1.166E-16
 8683.00     1.232E-16
 8684.50     1.236E-16
 8686.00     1.251E-16
 8687.50     1.148E-16
 8689.00     1.101E-16
 8690.50     1.253E-16
 8692.00     1.267E-16
 8693.50     1.176E-16
 8695.00     1.188E-16
 8696.50     1.157E-16
 8698.00     1.222E-16
 8699.50     1.236E-16
 8701.00     1.165E-16
 8702.50     1.148E-16
 8704.00     1.215E-16
 8705.50     1.250E-16
 8707.00     1.328E-16
 8708.50     1.218E-16
 8710.00     1.161E-16
 8711.50     1.184E-16
 8713.00     1.251E-16
 8714.50     1.233E-16
 8716.00     1.277E-16
 8717.50     1.223E-16
 8719.00     1.190E-16
 8720.50     1.297E-16
 8722.00     1.285E-16
 8723.50     1.238E-16
 8725.00     1.297E-16
 8726.50     1.238E-16
 8728.00     1.264E-16
 8729.50     1.187E-16
 8731.00     1.247E-16
 8732.50     1.216E-16
 8734.00     1.314E-16
 8735.50     1.230E-16
 8737.00     1.186E-16
 8738.50     1.225E-16
 8740.00     1.251E-16
 8741.50     1.292E-16
 8743.00     1.238E-16
 8744.50     1.221E-16
 8746.00     1.218E-16
 8747.50     1.285E-16
 8749.00     1.318E-16
 8750.50     1.300E-16
 8752.00     1.178E-16
 8753.50     1.220E-16
 8755.00     1.290E-16
 8756.50     1.168E-16
 8758.00     1.177E-16
 8759.50     1.155E-16
 8761.00     1.122E-16
 8762.50     1.294E-16
 8764.00     1.312E-16
 8765.50     1.161E-16
 8767.00     1.256E-16
 8768.50     1.300E-16
 8770.00     1.163E-16
 8771.50     1.164E-16
 8773.00     1.226E-16
 8774.50     1.199E-16
 8776.00     1.168E-16
 8777.50     1.256E-16
 8779.00     1.342E-16
 8780.50     1.339E-16
 8782.00     1.331E-16
 8783.50     1.272E-16
 8785.00     1.200E-16
 8786.50     1.279E-16
 8788.00     1.345E-16
 8789.50     1.277E-16
 8791.00     1.262E-16
 8792.50     1.280E-16
 8794.00     1.289E-16
 8795.50     1.283E-16
 8797.00     1.247E-16
 8798.50     1.255E-16
 8800.00     1.226E-16
 8801.50     1.259E-16
 8803.00     1.284E-16
 8804.50     1.207E-16
 8806.00     1.358E-16
 8807.50     1.431E-16
 8809.00     1.260E-16
 8810.50     1.239E-16
 8812.00     1.353E-16
 8813.50     1.300E-16
 8815.00     1.401E-16
 8816.50     1.369E-16
 8818.00     1.299E-16
 8819.50     1.274E-16
 8821.00     1.244E-16
 8822.50     1.220E-16
 8824.00     1.267E-16
 8825.50     1.421E-16
 8827.00     1.413E-16
 8828.50     1.336E-16
 8830.00     1.385E-16
 8831.50     1.480E-16
 8833.00     1.578E-16
 8834.50     1.448E-16
 8836.00     1.340E-16
 8837.50     1.304E-16
 8839.00     1.233E-16
 8840.50     1.223E-16
 8842.00     1.220E-16
 8843.50     1.195E-16
 8845.00     1.303E-16
 8846.50     1.310E-16
 8848.00     1.363E-16
 8849.50     1.363E-16
 8851.00     1.361E-16
 8852.50     1.312E-16
 8854.00     1.249E-16
 8855.50     1.268E-16
 8857.00     1.403E-16
 8858.50     1.271E-16
 8860.00     1.234E-16
 8861.50     1.298E-16
 8863.00     1.279E-16
 8864.50     1.244E-16
 8866.00     1.272E-16
 8867.50     1.297E-16
 8869.00     1.222E-16
 8870.50     1.234E-16
 8872.00     1.411E-16
 8873.50     1.353E-16
 8875.00     1.314E-16
 8876.50     1.431E-16
 8878.00     1.424E-16
 8879.50     1.390E-16
 8881.00     1.375E-16
 8882.50     1.332E-16
 8884.00     1.353E-16
 8885.50     1.421E-16
 8887.00     1.456E-16
 8888.50     1.414E-16
 8890.00     1.294E-16
 8891.50     1.320E-16
 8893.00     1.394E-16
 8894.50     1.523E-16
 8896.00     1.414E-16
 8897.50     1.360E-16
 8899.00     1.493E-16
 8900.50     1.456E-16
 8902.00     1.348E-16
 8903.50     1.228E-16
 8905.00     1.281E-16
 8906.50     1.318E-16
 8908.00     1.330E-16
 8909.50     1.319E-16
 8911.00     1.373E-16
 8912.50     1.363E-16
 8914.00     1.271E-16
 8915.50     1.241E-16
 8917.00     1.335E-16
 8918.50     1.287E-16
 8920.00     1.373E-16
 8921.50     1.374E-16
 8923.00     1.254E-16
 8924.50     1.167E-16
 8926.00     1.224E-16
 8927.50     1.459E-16
 8929.00     1.472E-16
 8930.50     1.301E-16
 8932.00     1.345E-16
 8933.50     1.348E-16
 8935.00     1.357E-16
 8936.50     1.372E-16
 8938.00     1.388E-16
 8939.50     1.365E-16
 8941.00     1.413E-16
 8942.50     1.424E-16
 8944.00     1.341E-16
 8945.50     1.349E-16
 8947.00     1.313E-16
 8948.50     1.412E-16
 8950.00     1.450E-16
 8951.50     1.440E-16
 8953.00     1.318E-16
 8954.50     1.398E-16
 8956.00     1.427E-16
 8957.50     1.248E-16
 8959.00     1.368E-16
 8960.50     1.478E-16
 8962.00     1.499E-16
 8963.50     1.586E-16
 8965.00     1.520E-16
 8966.50     1.506E-16
 8968.00     1.490E-16
 8969.50     1.402E-16
 8971.00     1.446E-16
 8972.50     1.437E-16
 8974.00     1.367E-16
 8975.50     1.309E-16
 8977.00     1.178E-16
 8978.50     1.231E-16
 8980.00     1.252E-16
 8981.50     1.320E-16
 8983.00     1.423E-16
 8984.50     1.380E-16
 8986.00     1.363E-16
 8987.50     1.389E-16
 8989.00     1.448E-16
 8990.50     1.360E-16
 8992.00     1.354E-16
 8993.50     1.282E-16
 8995.00     1.237E-16
 8996.50     1.230E-16
 8998.00     1.321E-16
 8999.50     1.445E-16
 9001.00     1.416E-16
 9002.50     1.358E-16
 9004.00     1.365E-16
 9005.50     1.398E-16
 9007.00     1.401E-16
 9008.50     1.362E-16
 9010.00     1.325E-16
 9011.50     1.344E-16
 9013.00     1.263E-16
 9014.50     1.168E-16
 9016.00     1.256E-16
 9017.50     1.305E-16
 9019.00     1.252E-16
 9020.50     1.246E-16
 9022.00     1.301E-16
 9023.50     1.290E-16
 9025.00     1.323E-16
 9026.50     1.323E-16
 9028.00     1.367E-16
 9029.50     1.388E-16
 9031.00     1.333E-16
 9032.50     1.324E-16
 9034.00     1.320E-16
 9035.50     1.339E-16
 9037.00     1.343E-16
 9038.50     1.343E-16
 9040.00     1.277E-16
 9041.50     1.292E-16
 9043.00     1.354E-16
 9044.50     1.293E-16
 9046.00     1.318E-16
 9047.50     1.325E-16
 9049.00     1.281E-16
 9050.50     1.186E-16
 9052.00     1.383E-16
 9053.50     1.369E-16
 9055.00     1.319E-16
 9056.50     1.311E-16
 9058.00     1.416E-16
 9059.50     1.441E-16
 9061.00     1.472E-16
 9062.50     1.380E-16
 9064.00     1.364E-16
 9065.50     1.323E-16
 9067.00     1.388E-16
 9068.50     1.357E-16
 9070.00     1.402E-16
 9071.50     1.233E-16
 9073.00     1.194E-16
 9074.50     1.199E-16
 9076.00     1.188E-16
 9077.50     1.319E-16
 9079.00     1.411E-16
 9080.50     1.442E-16
 9082.00     1.431E-16
 9083.50     1.318E-16
 9085.00     1.377E-16
 9086.50     1.319E-16
 9088.00     1.285E-16
 9089.50     1.344E-16
 9091.00     1.417E-16
 9092.50     1.516E-16
 9094.00     1.289E-16
 9095.50     1.234E-16
 9097.00     1.284E-16
 9098.50     1.186E-16
 9100.00     1.207E-16
 9101.50     1.298E-16
 9103.00     1.328E-16
 9104.50     1.200E-16
 9106.00     1.258E-16
 9107.50     1.282E-16
 9109.00     1.310E-16
 9110.50     1.249E-16
 9112.00     1.348E-16
 9113.50     1.405E-16
 9115.00     1.449E-16
 9116.50     1.312E-16
 9118.00     1.329E-16
 9119.50     1.396E-16
 9121.00     1.438E-16
 9122.50     1.504E-16
 9124.00     1.454E-16
 9125.50     1.435E-16
 9127.00     1.379E-16
 9128.50     1.378E-16
 9130.00     1.298E-16
 9131.50     1.307E-16
 9133.00     1.316E-16
 9134.50     1.347E-16
 9136.00     1.357E-16
 9137.50     1.262E-16
 9139.00     1.215E-16
 9140.50     1.260E-16
 9142.00     1.314E-16
 9143.50     1.363E-16
 9145.00     1.467E-16
 9146.50     1.352E-16
 9148.00     1.381E-16
 9149.50     1.253E-16
 9151.00     1.226E-16
 9152.50     1.266E-16
 9154.00     1.290E-16
 9155.50     1.334E-16
 9157.00     1.243E-16
 9158.50     1.301E-16
 9160.00     1.407E-16
 9161.50     1.368E-16
 9163.00     1.388E-16
 9164.50     1.450E-16
 9166.00     1.458E-16
 9167.50     1.514E-16
 9169.00     1.451E-16
 9170.50     1.328E-16
 9172.00     1.341E-16
 9173.50     1.422E-16
 9175.00     1.322E-16
 9176.50     1.361E-16
 9178.00     1.350E-16
 9179.50     1.331E-16
 9181.00     1.403E-16
 9182.50     1.512E-16
 9184.00     1.512E-16
 9185.50     1.406E-16
 9187.00     1.489E-16
 9188.50     1.479E-16
 9190.00     1.492E-16
 9191.50     1.368E-16
 9193.00     1.357E-16
 9194.50     1.402E-16
 9196.00     1.349E-16
 9197.50     1.402E-16
 9199.00     1.394E-16
 9200.50     1.300E-16
 9202.00     1.366E-16
 9203.50     1.483E-16
 9205.00     1.534E-16
 9206.50     1.439E-16
 9208.00     1.328E-16
 9209.50     1.392E-16
 9211.00     1.466E-16
 9212.50     1.461E-16
 9214.00     1.275E-16
 9215.50     1.299E-16
 9217.00     1.395E-16
 9218.50     1.365E-16
 9220.00     1.403E-16
 9221.50     1.281E-16
 9223.00     1.410E-16
 9224.50     1.284E-16
 9226.00     1.234E-16
 9227.50     1.257E-16
 9229.00     1.345E-16
 9230.50     1.249E-16
 9232.00     1.191E-16
 9233.50     1.231E-16
 9235.00     1.253E-16
 9236.50     1.323E-16
 9238.00     1.367E-16
 9239.50     1.475E-16
 9241.00     1.235E-16
 9242.50     1.269E-16
 9244.00     1.358E-16
 9245.50     1.362E-16
 9247.00     1.416E-16
 9248.50     1.308E-16
 9250.00     1.320E-16
 9251.50     1.268E-16
 9253.00     1.294E-16
 9254.50     1.336E-16
 9256.00     1.304E-16
 9257.50     1.325E-16
 9259.00     1.339E-16
 9260.50     1.241E-16
 9262.00     1.267E-16
 9263.50     1.281E-16
 9265.00     1.283E-16
 9266.50     1.291E-16
 9268.00     1.261E-16
 9269.50     1.294E-16
 9271.00     1.332E-16
 9272.50     1.316E-16
 9274.00     1.325E-16
 9275.50     1.326E-16
 9277.00     1.321E-16
 9278.50     1.289E-16
 9280.00     1.301E-16
 9281.50     1.314E-16
 9283.00     1.316E-16
 9284.50     1.324E-16
 9286.00     1.253E-16
 9287.50     1.487E-16
 9289.00     1.341E-16
 9290.50     1.193E-16
 9292.00     1.316E-16
 9293.50     1.271E-16
 9295.00     1.358E-16
 9296.50     1.353E-16
 9298.00     1.372E-16
 9299.50     1.228E-16
 9301.00     1.182E-16
 9302.50     1.211E-16
 9304.00     1.247E-16
 9305.50     1.232E-16
 9307.00     1.283E-16
 9308.50     1.214E-16
 9310.00     1.188E-16
 9311.50     1.068E-16
 9313.00     1.182E-16
 9314.50     1.259E-16
 9316.00     1.269E-16
 9317.50     1.410E-16
 9319.00     1.317E-16
 9320.50     1.165E-16
 9322.00     1.099E-16
 9323.50     1.155E-16
 9325.00     1.486E-16
 9326.50     1.341E-16
 9328.00     9.949E-17
 9329.50     1.089E-16
 9331.00     1.242E-16
 9332.50     1.348E-16
 9334.00     1.314E-16
 9335.50     1.279E-16
 9337.00     1.328E-16
 9338.50     1.312E-16
 9340.00     1.293E-16
 9341.50     1.041E-16
 9343.00     1.230E-16
 9344.50     1.167E-16
 9346.00     1.126E-16
 9347.50     9.310E-17
 9349.00     1.015E-16
 9350.50     1.114E-16
 9352.00     1.421E-16
 9353.50     1.387E-16
 9355.00     1.313E-16
 9356.50     1.177E-16
 9358.00     9.695E-17
 9359.50     1.087E-16
 9361.00     1.183E-16
 9362.50     1.256E-16
 9364.00     1.341E-16
 9365.50     1.447E-16
 9367.00     1.390E-16
 9368.50     1.148E-16
 9370.00     1.063E-16
 9371.50     1.040E-16
 9373.00     1.003E-16
 9374.50     1.052E-16
 9376.00     1.133E-16
 9377.50     1.525E-16
 9379.00     1.387E-16
 9380.50     1.303E-16
 9382.00     1.230E-16
 9383.50     1.028E-16
 9385.00     9.913E-17
 9386.50     1.012E-16
 9388.00     1.105E-16
 9389.50     1.157E-16
 9391.00     1.184E-16
 9392.50     1.340E-16
 9394.00     1.380E-16
 9395.50     1.490E-16
 9397.00     1.321E-16
 9398.50     1.439E-16
 9400.00     1.418E-16
 9401.50     1.281E-16
 9403.00     1.155E-16
 9404.50     1.042E-16
 9406.00     1.171E-16
 9407.50     1.338E-16
 9409.00     1.280E-16
 9410.50     1.196E-16
 9412.00     1.337E-16
 9413.50     1.185E-16
 9415.00     1.185E-16
 9416.50     1.438E-16
 9418.00     1.377E-16
 9419.50     1.497E-16
 9421.00     1.298E-16
 9422.50     1.140E-16
 9424.00     1.255E-16
 9425.50     1.354E-16
 9427.00     1.402E-16
 9428.50     1.192E-16
 9430.00     1.186E-16
 9431.50     1.058E-16
 9433.00     9.925E-17
 9434.50     1.281E-16
 9436.00     1.532E-16
 9437.50     1.478E-16
 9439.00     1.256E-16
 9440.50     1.346E-16
 9442.00     1.209E-16
 9443.50     1.068E-16
 9445.00     9.254E-17
 9446.50     9.259E-17
 9448.00     1.046E-16
 9449.50     1.175E-16
 9451.00     1.349E-16
 9452.50     1.381E-16
 9454.00     1.376E-16
 9455.50     1.325E-16
 9457.00     1.411E-16
 9458.50     1.338E-16
 9460.00     1.372E-16
 9461.50     1.493E-16
 9463.00     1.455E-16
 9464.50     1.019E-16
 9466.00     1.089E-16
 9467.50     1.306E-16
 9469.00     1.359E-16
 9470.50     1.301E-16
 9472.00     1.413E-16
 9473.50     1.389E-16
 9475.00     1.409E-16
 9476.50     1.288E-16
 9478.00     1.328E-16
 9479.50     1.292E-16
 9481.00     1.243E-16
 9482.50     1.158E-16
 9484.00     1.043E-16
 9485.50     1.078E-16
 9487.00     1.074E-16
 9488.50     1.198E-16
 9490.00     1.203E-16
 9491.50     1.202E-16
 9493.00     1.199E-16
 9494.50     1.276E-16
 9496.00     1.329E-16
 9497.50     1.212E-16
 9499.00     1.181E-16
 9500.50     1.307E-16
 9502.00     1.250E-16
 9503.50     1.330E-16
 9505.00     1.160E-16
 9506.50     1.091E-16
 9508.00     1.187E-16
 9509.50     1.243E-16
 9511.00     1.264E-16
 9512.50     1.418E-16
 9514.00     1.567E-16
 9515.50     1.383E-16
 9517.00     1.197E-16
 9518.50     1.306E-16
 9520.00     1.327E-16
 9521.50     1.405E-16
 9523.00     1.079E-16
 9524.50     9.503E-17
 9526.00     1.015E-16
 9527.50     1.045E-16
 9529.00     1.249E-16
 9530.50     1.263E-16
 9532.00     1.270E-16
 9533.50     1.274E-16
 9535.00     1.208E-16
 9536.50     1.309E-16
 9538.00     1.382E-16
 9539.50     1.391E-16
 9541.00     1.405E-16
 9542.50     1.280E-16
 9544.00     1.218E-16
 9545.50     1.095E-16
 9547.00     1.039E-16
 9548.50     1.032E-16
 9550.00     1.382E-16
 9551.50     1.337E-16
 9553.00     1.280E-16
 9554.50     1.281E-16
 9556.00     1.325E-16
 9557.50     1.266E-16
 9559.00     1.298E-16
 9560.50     1.195E-16
 9562.00     1.220E-16
 9563.50     1.404E-16
 9565.00     1.435E-16
 9566.50     1.415E-16
 9568.00     1.502E-16
 9569.50     1.171E-16
 9571.00     1.288E-16
 9572.50     1.462E-16
 9574.00     1.362E-16
 9575.50     1.208E-16
 9577.00     1.355E-16
 9578.50     1.394E-16
 9580.00     1.422E-16
 9581.50     1.450E-16
 9583.00     1.282E-16
 9584.50     1.094E-16
 9586.00     1.075E-16
 9587.50     1.186E-16
 9589.00     1.382E-16
 9590.50     1.441E-16
 9592.00     1.564E-16
 9593.50     1.329E-16
 9595.00     1.342E-16
 9596.50     1.282E-16
 9598.00     1.270E-16
 9599.50     1.256E-16
