 Airmass = 1.355, R-Band Flux = 2.96E-17                                         
 # start                                                                         
 3400.00     0.000E+00
 3401.50     7.290E-17
 3403.00     6.876E-17
 3404.50     7.030E-17
 3406.00     7.360E-17
 3407.50     9.538E-17
 3409.00     8.442E-17
 3410.50     8.214E-17
 3412.00     8.327E-17
 3413.50     7.869E-17
 3415.00     7.434E-17
 3416.50     8.399E-17
 3418.00     9.561E-17
 3419.50     7.136E-17
 3421.00     5.254E-17
 3422.50     6.314E-17
 3424.00     7.102E-17
 3425.50     7.240E-17
 3427.00     7.891E-17
 3428.50     6.435E-17
 3430.00     7.112E-17
 3431.50     7.437E-17
 3433.00     7.713E-17
 3434.50     6.408E-17
 3436.00     5.148E-17
 3437.50     6.398E-17
 3439.00     5.565E-17
 3440.50     5.844E-17
 3442.00     5.644E-17
 3443.50     6.621E-17
 3445.00     5.711E-17
 3446.50     5.870E-17
 3448.00     6.112E-17
 3449.50     6.067E-17
 3451.00     6.897E-17
 3452.50     5.985E-17
 3454.00     5.039E-17
 3455.50     4.505E-17
 3457.00     5.523E-17
 3458.50     4.104E-17
 3460.00     4.752E-17
 3461.50     4.799E-17
 3463.00     3.990E-17
 3464.50     5.779E-17
 3466.00     6.231E-17
 3467.50     5.296E-17
 3469.00     6.210E-17
 3470.50     7.574E-17
 3472.00     5.237E-17
 3473.50     5.603E-17
 3475.00     6.114E-17
 3476.50     5.209E-17
 3478.00     6.323E-17
 3479.50     6.030E-17
 3481.00     5.753E-17
 3482.50     5.489E-17
 3484.00     5.920E-17
 3485.50     5.554E-17
 3487.00     4.887E-17
 3488.50     5.041E-17
 3490.00     5.591E-17
 3491.50     4.766E-17
 3493.00     4.742E-17
 3494.50     5.301E-17
 3496.00     5.891E-17
 3497.50     5.396E-17
 3499.00     5.866E-17
 3500.50     5.618E-17
 3502.00     5.403E-17
 3503.50     3.725E-17
 3505.00     5.298E-17
 3506.50     4.419E-17
 3508.00     4.896E-17
 3509.50     4.931E-17
 3511.00     3.807E-17
 3512.50     3.537E-17
 3514.00     4.068E-17
 3515.50     4.244E-17
 3517.00     4.766E-17
 3518.50     5.297E-17
 3520.00     5.180E-17
 3521.50     4.910E-17
 3523.00     5.265E-17
 3524.50     6.132E-17
 3526.00     4.291E-17
 3527.50     4.084E-17
 3529.00     3.493E-17
 3530.50     4.635E-17
 3532.00     4.348E-17
 3533.50     5.270E-17
 3535.00     4.441E-17
 3536.50     4.279E-17
 3538.00     5.381E-17
 3539.50     4.991E-17
 3541.00     4.709E-17
 3542.50     5.396E-17
 3544.00     5.216E-17
 3545.50     5.238E-17
 3547.00     5.908E-17
 3548.50     5.453E-17
 3550.00     5.937E-17
 3551.50     5.381E-17
 3553.00     5.224E-17
 3554.50     4.437E-17
 3556.00     5.281E-17
 3557.50     5.457E-17
 3559.00     4.761E-17
 3560.50     4.783E-17
 3562.00     6.350E-17
 3563.50     4.334E-17
 3565.00     5.100E-17
 3566.50     5.429E-17
 3568.00     3.951E-17
 3569.50     4.386E-17
 3571.00     5.870E-17
 3572.50     5.266E-17
 3574.00     4.300E-17
 3575.50     4.288E-17
 3577.00     4.665E-17
 3578.50     4.218E-17
 3580.00     4.401E-17
 3581.50     3.530E-17
 3583.00     4.495E-17
 3584.50     4.536E-17
 3586.00     3.850E-17
 3587.50     3.328E-17
 3589.00     3.884E-17
 3590.50     4.745E-17
 3592.00     4.674E-17
 3593.50     5.296E-17
 3595.00     5.155E-17
 3596.50     4.675E-17
 3598.00     4.265E-17
 3599.50     4.092E-17
 3601.00     3.871E-17
 3602.50     4.378E-17
 3604.00     5.659E-17
 3605.50     4.804E-17
 3607.00     4.067E-17
 3608.50     4.111E-17
 3610.00     4.303E-17
 3611.50     3.609E-17
 3613.00     4.029E-17
 3614.50     4.073E-17
 3616.00     4.012E-17
 3617.50     5.285E-17
 3619.00     4.627E-17
 3620.50     4.056E-17
 3622.00     4.993E-17
 3623.50     5.057E-17
 3625.00     5.237E-17
 3626.50     4.671E-17
 3628.00     4.949E-17
 3629.50     4.474E-17
 3631.00     4.545E-17
 3632.50     4.152E-17
 3634.00     5.084E-17
 3635.50     4.355E-17
 3637.00     4.623E-17
 3638.50     4.361E-17
 3640.00     4.281E-17
 3641.50     4.016E-17
 3643.00     4.479E-17
 3644.50     4.790E-17
 3646.00     4.754E-17
 3647.50     3.959E-17
 3649.00     4.151E-17
 3650.50     4.714E-17
 3652.00     3.548E-17
 3653.50     4.690E-17
 3655.00     5.300E-17
 3656.50     4.475E-17
 3658.00     4.164E-17
 3659.50     4.174E-17
 3661.00     5.253E-17
 3662.50     4.776E-17
 3664.00     4.240E-17
 3665.50     4.308E-17
 3667.00     4.711E-17
 3668.50     4.580E-17
 3670.00     4.044E-17
 3671.50     5.126E-17
 3673.00     4.811E-17
 3674.50     4.895E-17
 3676.00     4.977E-17
 3677.50     4.479E-17
 3679.00     4.337E-17
 3680.50     4.437E-17
 3682.00     4.484E-17
 3683.50     4.627E-17
 3685.00     4.443E-17
 3686.50     4.300E-17
 3688.00     4.920E-17
 3689.50     4.677E-17
 3691.00     3.563E-17
 3692.50     4.101E-17
 3694.00     4.218E-17
 3695.50     4.857E-17
 3697.00     5.378E-17
 3698.50     4.410E-17
 3700.00     4.582E-17
 3701.50     3.724E-17
 3703.00     4.709E-17
 3704.50     3.211E-17
 3706.00     4.350E-17
 3707.50     4.045E-17
 3709.00     3.738E-17
 3710.50     4.080E-17
 3712.00     4.332E-17
 3713.50     4.775E-17
 3715.00     4.173E-17
 3716.50     4.631E-17
 3718.00     5.291E-17
 3719.50     4.833E-17
 3721.00     4.393E-17
 3722.50     3.862E-17
 3724.00     4.671E-17
 3725.50     4.551E-17
 3727.00     4.179E-17
 3728.50     3.985E-17
 3730.00     3.977E-17
 3731.50     3.932E-17
 3733.00     3.690E-17
 3734.50     3.971E-17
 3736.00     3.786E-17
 3737.50     4.371E-17
 3739.00     4.620E-17
 3740.50     4.537E-17
 3742.00     4.327E-17
 3743.50     4.307E-17
 3745.00     3.671E-17
 3746.50     4.322E-17
 3748.00     4.637E-17
 3749.50     3.914E-17
 3751.00     4.668E-17
 3752.50     4.606E-17
 3754.00     3.939E-17
 3755.50     4.323E-17
 3757.00     4.410E-17
 3758.50     4.410E-17
 3760.00     4.167E-17
 3761.50     3.544E-17
 3763.00     4.229E-17
 3764.50     4.615E-17
 3766.00     4.590E-17
 3767.50     4.770E-17
 3769.00     4.103E-17
 3770.50     5.154E-17
 3772.00     5.217E-17
 3773.50     4.510E-17
 3775.00     4.435E-17
 3776.50     4.764E-17
 3778.00     3.997E-17
 3779.50     4.707E-17
 3781.00     4.057E-17
 3782.50     4.152E-17
 3784.00     4.778E-17
 3785.50     4.234E-17
 3787.00     3.718E-17
 3788.50     4.619E-17
 3790.00     4.365E-17
 3791.50     4.571E-17
 3793.00     3.975E-17
 3794.50     4.038E-17
 3796.00     4.614E-17
 3797.50     4.811E-17
 3799.00     4.310E-17
 3800.50     4.910E-17
 3802.00     4.738E-17
 3803.50     4.407E-17
 3805.00     4.830E-17
 3806.50     4.525E-17
 3808.00     3.911E-17
 3809.50     4.394E-17
 3811.00     4.543E-17
 3812.50     4.765E-17
 3814.00     4.563E-17
 3815.50     4.167E-17
 3817.00     4.994E-17
 3818.50     4.845E-17
 3820.00     4.742E-17
 3821.50     4.979E-17
 3823.00     5.239E-17
 3824.50     5.321E-17
 3826.00     4.740E-17
 3827.50     4.749E-17
 3829.00     4.909E-17
 3830.50     4.553E-17
 3832.00     5.096E-17
 3833.50     4.741E-17
 3835.00     4.663E-17
 3836.50     4.590E-17
 3838.00     4.679E-17
 3839.50     4.241E-17
 3841.00     4.382E-17
 3842.50     4.624E-17
 3844.00     5.226E-17
 3845.50     4.562E-17
 3847.00     4.447E-17
 3848.50     4.554E-17
 3850.00     4.651E-17
 3851.50     4.608E-17
 3853.00     4.275E-17
 3854.50     4.243E-17
 3856.00     4.789E-17
 3857.50     4.764E-17
 3859.00     5.166E-17
 3860.50     4.494E-17
 3862.00     4.034E-17
 3863.50     4.532E-17
 3865.00     4.192E-17
 3866.50     4.845E-17
 3868.00     4.738E-17
 3869.50     4.594E-17
 3871.00     4.685E-17
 3872.50     4.213E-17
 3874.00     4.906E-17
 3875.50     4.666E-17
 3877.00     4.198E-17
 3878.50     3.307E-17
 3880.00     3.925E-17
 3881.50     4.403E-17
 3883.00     4.157E-17
 3884.50     3.983E-17
 3886.00     4.191E-17
 3887.50     3.464E-17
 3889.00     4.336E-17
 3890.50     4.159E-17
 3892.00     4.117E-17
 3893.50     4.226E-17
 3895.00     4.210E-17
 3896.50     3.477E-17
 3898.00     4.094E-17
 3899.50     3.743E-17
 3901.00     3.763E-17
 3902.50     3.292E-17
 3904.00     4.322E-17
 3905.50     4.219E-17
 3907.00     3.590E-17
 3908.50     3.543E-17
 3910.00     3.709E-17
 3911.50     3.783E-17
 3913.00     3.343E-17
 3914.50     3.269E-17
 3916.00     3.362E-17
 3917.50     3.962E-17
 3919.00     4.108E-17
 3920.50     4.242E-17
 3922.00     3.379E-17
 3923.50     4.278E-17
 3925.00     3.965E-17
 3926.50     3.393E-17
 3928.00     4.102E-17
 3929.50     4.169E-17
 3931.00     3.267E-17
 3932.50     3.468E-17
 3934.00     3.297E-17
 3935.50     3.216E-17
 3937.00     3.564E-17
 3938.50     4.376E-17
 3940.00     4.452E-17
 3941.50     3.770E-17
 3943.00     3.457E-17
 3944.50     3.387E-17
 3946.00     3.513E-17
 3947.50     3.196E-17
 3949.00     3.545E-17
 3950.50     3.941E-17
 3952.00     4.330E-17
 3953.50     4.046E-17
 3955.00     2.761E-17
 3956.50     3.444E-17
 3958.00     3.678E-17
 3959.50     4.172E-17
 3961.00     3.802E-17
 3962.50     4.125E-17
 3964.00     3.422E-17
 3965.50     3.926E-17
 3967.00     3.789E-17
 3968.50     3.426E-17
 3970.00     3.614E-17
 3971.50     3.445E-17
 3973.00     3.335E-17
 3974.50     3.683E-17
 3976.00     3.337E-17
 3977.50     4.048E-17
 3979.00     3.829E-17
 3980.50     3.610E-17
 3982.00     3.777E-17
 3983.50     3.910E-17
 3985.00     3.741E-17
 3986.50     3.968E-17
 3988.00     3.572E-17
 3989.50     3.046E-17
 3991.00     3.030E-17
 3992.50     3.512E-17
 3994.00     3.701E-17
 3995.50     3.889E-17
 3997.00     3.352E-17
 3998.50     3.542E-17
 4000.00     3.907E-17
 4001.50     3.541E-17
 4003.00     3.349E-17
 4004.50     3.778E-17
 4006.00     3.112E-17
 4007.50     3.637E-17
 4009.00     3.902E-17
 4010.50     4.010E-17
 4012.00     4.304E-17
 4013.50     3.687E-17
 4015.00     3.434E-17
 4016.50     3.897E-17
 4018.00     3.802E-17
 4019.50     3.607E-17
 4021.00     3.998E-17
 4022.50     4.005E-17
 4024.00     3.557E-17
 4025.50     3.000E-17
 4027.00     3.492E-17
 4028.50     3.397E-17
 4030.00     3.615E-17
 4031.50     4.123E-17
 4033.00     4.324E-17
 4034.50     3.433E-17
 4036.00     3.454E-17
 4037.50     3.824E-17
 4039.00     3.840E-17
 4040.50     3.913E-17
 4042.00     3.866E-17
 4043.50     4.225E-17
 4045.00     3.310E-17
 4046.50     3.787E-17
 4048.00     4.064E-17
 4049.50     4.136E-17
 4051.00     3.835E-17
 4052.50     4.085E-17
 4054.00     3.818E-17
 4055.50     3.627E-17
 4057.00     3.854E-17
 4058.50     4.133E-17
 4060.00     3.859E-17
 4061.50     3.808E-17
 4063.00     4.136E-17
 4064.50     3.862E-17
 4066.00     4.283E-17
 4067.50     4.476E-17
 4069.00     4.152E-17
 4070.50     4.438E-17
 4072.00     3.968E-17
 4073.50     4.487E-17
 4075.00     4.085E-17
 4076.50     4.041E-17
 4078.00     3.839E-17
 4079.50     3.747E-17
 4081.00     3.763E-17
 4082.50     3.933E-17
 4084.00     3.679E-17
 4085.50     3.947E-17
 4087.00     4.169E-17
 4088.50     3.812E-17
 4090.00     3.738E-17
 4091.50     3.833E-17
 4093.00     3.919E-17
 4094.50     3.841E-17
 4096.00     4.341E-17
 4097.50     4.172E-17
 4099.00     4.195E-17
 4100.50     4.168E-17
 4102.00     4.313E-17
 4103.50     3.831E-17
 4105.00     4.115E-17
 4106.50     4.355E-17
 4108.00     4.941E-17
 4109.50     4.476E-17
 4111.00     4.404E-17
 4112.50     4.555E-17
 4114.00     4.135E-17
 4115.50     4.215E-17
 4117.00     4.215E-17
 4118.50     4.361E-17
 4120.00     3.641E-17
 4121.50     3.991E-17
 4123.00     4.422E-17
 4124.50     4.236E-17
 4126.00     4.360E-17
 4127.50     4.399E-17
 4129.00     4.235E-17
 4130.50     4.080E-17
 4132.00     3.993E-17
 4133.50     4.349E-17
 4135.00     4.234E-17
 4136.50     4.107E-17
 4138.00     4.234E-17
 4139.50     4.396E-17
 4141.00     4.029E-17
 4142.50     4.116E-17
 4144.00     4.534E-17
 4145.50     4.372E-17
 4147.00     4.149E-17
 4148.50     4.589E-17
 4150.00     4.357E-17
 4151.50     4.704E-17
 4153.00     4.461E-17
 4154.50     4.444E-17
 4156.00     4.613E-17
 4157.50     4.325E-17
 4159.00     4.457E-17
 4160.50     4.190E-17
 4162.00     4.570E-17
 4163.50     4.456E-17
 4165.00     4.752E-17
 4166.50     4.545E-17
 4168.00     4.995E-17
 4169.50     4.781E-17
 4171.00     5.123E-17
 4172.50     4.595E-17
 4174.00     4.791E-17
 4175.50     4.807E-17
 4177.00     4.680E-17
 4178.50     4.500E-17
 4180.00     4.656E-17
 4181.50     4.577E-17
 4183.00     4.912E-17
 4184.50     4.756E-17
 4186.00     5.028E-17
 4187.50     4.801E-17
 4189.00     4.905E-17
 4190.50     4.820E-17
 4192.00     5.434E-17
 4193.50     5.558E-17
 4195.00     5.022E-17
 4196.50     4.633E-17
 4198.00     4.077E-17
 4199.50     3.813E-17
 4201.00     4.765E-17
 4202.50     4.909E-17
 4204.00     5.354E-17
 4205.50     5.298E-17
 4207.00     5.233E-17
 4208.50     5.468E-17
 4210.00     5.733E-17
 4211.50     5.819E-17
 4213.00     5.327E-17
 4214.50     5.464E-17
 4216.00     6.282E-17
 4217.50     6.085E-17
 4219.00     6.207E-17
 4220.50     5.814E-17
 4222.00     6.352E-17
 4223.50     6.253E-17
 4225.00     7.004E-17
 4226.50     7.469E-17
 4228.00     6.788E-17
 4229.50     7.206E-17
 4231.00     6.909E-17
 4232.50     6.660E-17
 4234.00     6.857E-17
 4235.50     7.119E-17
 4237.00     7.016E-17
 4238.50     7.318E-17
 4240.00     7.052E-17
 4241.50     6.895E-17
 4243.00     6.806E-17
 4244.50     6.433E-17
 4246.00     6.299E-17
 4247.50     6.332E-17
 4249.00     6.454E-17
 4250.50     6.158E-17
 4252.00     6.035E-17
 4253.50     5.912E-17
 4255.00     6.011E-17
 4256.50     6.160E-17
 4258.00     5.639E-17
 4259.50     5.411E-17
 4261.00     5.655E-17
 4262.50     5.387E-17
 4264.00     5.843E-17
 4265.50     5.536E-17
 4267.00     5.473E-17
 4268.50     5.496E-17
 4270.00     5.691E-17
 4271.50     5.359E-17
 4273.00     5.607E-17
 4274.50     5.298E-17
 4276.00     5.195E-17
 4277.50     5.280E-17
 4279.00     4.542E-17
 4280.50     4.849E-17
 4282.00     4.506E-17
 4283.50     4.492E-17
 4285.00     4.656E-17
 4286.50     4.821E-17
 4288.00     4.641E-17
 4289.50     5.115E-17
 4291.00     5.085E-17
 4292.50     4.949E-17
 4294.00     4.376E-17
 4295.50     4.521E-17
 4297.00     4.519E-17
 4298.50     4.554E-17
 4300.00     4.923E-17
 4301.50     4.538E-17
 4303.00     4.248E-17
 4304.50     4.476E-17
 4306.00     4.390E-17
 4307.50     4.177E-17
 4309.00     4.665E-17
 4310.50     4.749E-17
 4312.00     4.268E-17
 4313.50     4.280E-17
 4315.00     4.011E-17
 4316.50     4.444E-17
 4318.00     4.252E-17
 4319.50     4.161E-17
 4321.00     4.398E-17
 4322.50     4.237E-17
 4324.00     3.975E-17
 4325.50     3.695E-17
 4327.00     3.666E-17
 4328.50     3.934E-17
 4330.00     3.751E-17
 4331.50     3.739E-17
 4333.00     4.103E-17
 4334.50     4.010E-17
 4336.00     4.260E-17
 4337.50     3.996E-17
 4339.00     4.110E-17
 4340.50     4.354E-17
 4342.00     4.465E-17
 4343.50     3.921E-17
 4345.00     4.269E-17
 4346.50     4.155E-17
 4348.00     3.937E-17
 4349.50     4.264E-17
 4351.00     4.427E-17
 4352.50     4.600E-17
 4354.00     4.297E-17
 4355.50     4.370E-17
 4357.00     4.451E-17
 4358.50     4.621E-17
 4360.00     4.391E-17
 4361.50     4.072E-17
 4363.00     4.389E-17
 4364.50     4.358E-17
 4366.00     3.970E-17
 4367.50     4.220E-17
 4369.00     3.869E-17
 4370.50     3.716E-17
 4372.00     4.227E-17
 4373.50     4.136E-17
 4375.00     3.927E-17
 4376.50     4.523E-17
 4378.00     4.022E-17
 4379.50     3.673E-17
 4381.00     4.428E-17
 4382.50     3.942E-17
 4384.00     3.923E-17
 4385.50     4.071E-17
 4387.00     3.843E-17
 4388.50     3.872E-17
 4390.00     4.372E-17
 4391.50     3.641E-17
 4393.00     4.027E-17
 4394.50     4.121E-17
 4396.00     4.103E-17
 4397.50     4.007E-17
 4399.00     3.782E-17
 4400.50     4.267E-17
 4402.00     4.248E-17
 4403.50     4.074E-17
 4405.00     4.335E-17
 4406.50     4.163E-17
 4408.00     4.269E-17
 4409.50     4.050E-17
 4411.00     3.921E-17
 4412.50     3.826E-17
 4414.00     4.043E-17
 4415.50     3.876E-17
 4417.00     3.808E-17
 4418.50     4.038E-17
 4420.00     3.776E-17
 4421.50     3.834E-17
 4423.00     3.722E-17
 4424.50     3.734E-17
 4426.00     3.905E-17
 4427.50     4.072E-17
 4429.00     3.783E-17
 4430.50     3.945E-17
 4432.00     4.071E-17
 4433.50     3.694E-17
 4435.00     4.214E-17
 4436.50     4.332E-17
 4438.00     3.928E-17
 4439.50     3.734E-17
 4441.00     3.667E-17
 4442.50     4.251E-17
 4444.00     3.799E-17
 4445.50     3.907E-17
 4447.00     4.087E-17
 4448.50     3.939E-17
 4450.00     3.852E-17
 4451.50     3.307E-17
 4453.00     3.970E-17
 4454.50     4.170E-17
 4456.00     4.029E-17
 4457.50     3.968E-17
 4459.00     4.144E-17
 4460.50     3.757E-17
 4462.00     4.367E-17
 4463.50     4.185E-17
 4465.00     3.993E-17
 4466.50     3.836E-17
 4468.00     4.095E-17
 4469.50     4.038E-17
 4471.00     3.704E-17
 4472.50     3.966E-17
 4474.00     3.998E-17
 4475.50     3.822E-17
 4477.00     4.152E-17
 4478.50     3.945E-17
 4480.00     3.784E-17
 4481.50     3.756E-17
 4483.00     3.995E-17
 4484.50     4.311E-17
 4486.00     4.155E-17
 4487.50     3.909E-17
 4489.00     3.894E-17
 4490.50     4.024E-17
 4492.00     3.622E-17
 4493.50     3.723E-17
 4495.00     3.821E-17
 4496.50     4.188E-17
 4498.00     4.264E-17
 4499.50     3.323E-17
 4501.00     3.556E-17
 4502.50     3.766E-17
 4504.00     3.794E-17
 4505.50     3.766E-17
 4507.00     3.900E-17
 4508.50     3.456E-17
 4510.00     3.930E-17
 4511.50     4.292E-17
 4513.00     3.752E-17
 4514.50     3.652E-17
 4516.00     3.647E-17
 4517.50     3.523E-17
 4519.00     3.420E-17
 4520.50     3.697E-17
 4522.00     3.538E-17
 4523.50     3.556E-17
 4525.00     3.739E-17
 4526.50     3.871E-17
 4528.00     3.369E-17
 4529.50     3.829E-17
 4531.00     3.670E-17
 4532.50     3.774E-17
 4534.00     3.185E-17
 4535.50     3.333E-17
 4537.00     3.838E-17
 4538.50     3.581E-17
 4540.00     3.858E-17
 4541.50     3.845E-17
 4543.00     3.873E-17
 4544.50     3.646E-17
 4546.00     3.284E-17
 4547.50     3.801E-17
 4549.00     3.546E-17
 4550.50     3.902E-17
 4552.00     3.754E-17
 4553.50     3.897E-17
 4555.00     3.437E-17
 4556.50     3.649E-17
 4558.00     3.873E-17
 4559.50     4.041E-17
 4561.00     3.522E-17
 4562.50     3.186E-17
 4564.00     3.616E-17
 4565.50     3.615E-17
 4567.00     3.540E-17
 4568.50     3.312E-17
 4570.00     3.643E-17
 4571.50     3.472E-17
 4573.00     3.892E-17
 4574.50     3.602E-17
 4576.00     3.403E-17
 4577.50     3.422E-17
 4579.00     3.438E-17
 4580.50     3.587E-17
 4582.00     3.408E-17
 4583.50     3.591E-17
 4585.00     3.252E-17
 4586.50     3.217E-17
 4588.00     3.766E-17
 4589.50     3.617E-17
 4591.00     3.542E-17
 4592.50     3.544E-17
 4594.00     3.767E-17
 4595.50     3.485E-17
 4597.00     3.208E-17
 4598.50     3.618E-17
 4600.00     3.037E-17
 4601.50     3.584E-17
 4603.00     3.698E-17
 4604.50     3.460E-17
 4606.00     3.602E-17
 4607.50     3.300E-17
 4609.00     3.324E-17
 4610.50     3.532E-17
 4612.00     3.256E-17
 4613.50     3.332E-17
 4615.00     3.148E-17
 4616.50     3.051E-17
 4618.00     3.245E-17
 4619.50     3.472E-17
 4621.00     3.400E-17
 4622.50     3.118E-17
 4624.00     3.572E-17
 4625.50     3.839E-17
 4627.00     3.477E-17
 4628.50     3.264E-17
 4630.00     3.406E-17
 4631.50     3.276E-17
 4633.00     3.513E-17
 4634.50     3.466E-17
 4636.00     3.507E-17
 4637.50     3.883E-17
 4639.00     3.666E-17
 4640.50     3.630E-17
 4642.00     3.912E-17
 4643.50     3.373E-17
 4645.00     3.358E-17
 4646.50     3.557E-17
 4648.00     3.930E-17
 4649.50     3.790E-17
 4651.00     3.694E-17
 4652.50     3.826E-17
 4654.00     3.122E-17
 4655.50     3.024E-17
 4657.00     3.532E-17
 4658.50     3.214E-17
 4660.00     3.288E-17
 4661.50     3.126E-17
 4663.00     3.138E-17
 4664.50     3.644E-17
 4666.00     3.634E-17
 4667.50     3.460E-17
 4669.00     3.279E-17
 4670.50     3.612E-17
 4672.00     3.311E-17
 4673.50     3.552E-17
 4675.00     3.322E-17
 4676.50     3.142E-17
 4678.00     3.585E-17
 4679.50     3.579E-17
 4681.00     3.518E-17
 4682.50     3.696E-17
 4684.00     3.066E-17
 4685.50     3.231E-17
 4687.00     3.265E-17
 4688.50     3.389E-17
 4690.00     3.139E-17
 4691.50     3.280E-17
 4693.00     3.515E-17
 4694.50     3.421E-17
 4696.00     3.671E-17
 4697.50     3.468E-17
 4699.00     3.773E-17
 4700.50     3.305E-17
 4702.00     3.441E-17
 4703.50     3.060E-17
 4705.00     3.363E-17
 4706.50     3.214E-17
 4708.00     3.144E-17
 4709.50     3.517E-17
 4711.00     3.608E-17
 4712.50     3.431E-17
 4714.00     3.512E-17
 4715.50     3.754E-17
 4717.00     3.486E-17
 4718.50     3.454E-17
 4720.00     3.647E-17
 4721.50     3.521E-17
 4723.00     3.325E-17
 4724.50     3.789E-17
 4726.00     3.482E-17
 4727.50     3.616E-17
 4729.00     3.622E-17
 4730.50     3.089E-17
 4732.00     3.560E-17
 4733.50     3.552E-17
 4735.00     3.471E-17
 4736.50     3.187E-17
 4738.00     3.273E-17
 4739.50     3.240E-17
 4741.00     3.391E-17
 4742.50     3.736E-17
 4744.00     3.445E-17
 4745.50     3.229E-17
 4747.00     3.236E-17
 4748.50     3.374E-17
 4750.00     3.206E-17
 4751.50     3.318E-17
 4753.00     3.407E-17
 4754.50     3.074E-17
 4756.00     3.288E-17
 4757.50     3.373E-17
 4759.00     3.217E-17
 4760.50     3.598E-17
 4762.00     3.357E-17
 4763.50     3.559E-17
 4765.00     3.850E-17
 4766.50     4.015E-17
 4768.00     3.879E-17
 4769.50     3.760E-17
 4771.00     3.527E-17
 4772.50     3.642E-17
 4774.00     3.713E-17
 4775.50     3.568E-17
 4777.00     3.540E-17
 4778.50     3.286E-17
 4780.00     3.694E-17
 4781.50     3.748E-17
 4783.00     3.697E-17
 4784.50     3.898E-17
 4786.00     3.509E-17
 4787.50     3.775E-17
 4789.00     3.864E-17
 4790.50     3.364E-17
 4792.00     3.583E-17
 4793.50     3.771E-17
 4795.00     3.765E-17
 4796.50     3.566E-17
 4798.00     3.380E-17
 4799.50     3.649E-17
 4801.00     4.111E-17
 4802.50     3.192E-17
 4804.00     3.134E-17
 4805.50     3.567E-17
 4807.00     3.428E-17
 4808.50     3.243E-17
 4810.00     3.542E-17
 4811.50     3.486E-17
 4813.00     3.559E-17
 4814.50     3.319E-17
 4816.00     3.258E-17
 4817.50     3.387E-17
 4819.00     3.466E-17
 4820.50     3.618E-17
 4822.00     3.381E-17
 4823.50     3.818E-17
 4825.00     3.698E-17
 4826.50     3.582E-17
 4828.00     3.207E-17
 4829.50     3.350E-17
 4831.00     3.236E-17
 4832.50     3.695E-17
 4834.00     3.098E-17
 4835.50     3.275E-17
 4837.00     3.102E-17
 4838.50     3.353E-17
 4840.00     3.372E-17
 4841.50     3.277E-17
 4843.00     3.238E-17
 4844.50     3.639E-17
 4846.00     3.306E-17
 4847.50     3.416E-17
 4849.00     3.234E-17
 4850.50     3.046E-17
 4852.00     3.377E-17
 4853.50     3.463E-17
 4855.00     3.269E-17
 4856.50     3.683E-17
 4858.00     3.804E-17
 4859.50     3.260E-17
 4861.00     3.454E-17
 4862.50     3.703E-17
 4864.00     3.929E-17
 4865.50     3.677E-17
 4867.00     3.932E-17
 4868.50     3.478E-17
 4870.00     3.717E-17
 4871.50     3.703E-17
 4873.00     3.789E-17
 4874.50     3.514E-17
 4876.00     3.466E-17
 4877.50     3.631E-17
 4879.00     3.761E-17
 4880.50     3.444E-17
 4882.00     3.265E-17
 4883.50     3.340E-17
 4885.00     3.498E-17
 4886.50     3.703E-17
 4888.00     3.706E-17
 4889.50     3.280E-17
 4891.00     3.587E-17
 4892.50     3.714E-17
 4894.00     3.283E-17
 4895.50     3.395E-17
 4897.00     3.381E-17
 4898.50     3.178E-17
 4900.00     3.357E-17
 4901.50     3.217E-17
 4903.00     3.474E-17
 4904.50     3.489E-17
 4906.00     3.343E-17
 4907.50     3.408E-17
 4909.00     3.092E-17
 4910.50     3.511E-17
 4912.00     3.407E-17
 4913.50     3.218E-17
 4915.00     3.501E-17
 4916.50     3.309E-17
 4918.00     3.660E-17
 4919.50     3.592E-17
 4921.00     3.358E-17
 4922.50     3.477E-17
 4924.00     3.406E-17
 4925.50     3.132E-17
 4927.00     3.112E-17
 4928.50     3.510E-17
 4930.00     3.159E-17
 4931.50     3.551E-17
 4933.00     3.413E-17
 4934.50     3.418E-17
 4936.00     3.192E-17
 4937.50     3.643E-17
 4939.00     3.531E-17
 4940.50     3.124E-17
 4942.00     3.074E-17
 4943.50     3.267E-17
 4945.00     3.326E-17
 4946.50     3.411E-17
 4948.00     3.388E-17
 4949.50     3.450E-17
 4951.00     3.693E-17
 4952.50     3.485E-17
 4954.00     3.608E-17
 4955.50     3.670E-17
 4957.00     3.264E-17
 4958.50     3.292E-17
 4960.00     3.272E-17
 4961.50     3.182E-17
 4963.00     3.324E-17
 4964.50     3.517E-17
 4966.00     3.229E-17
 4967.50     3.426E-17
 4969.00     3.607E-17
 4970.50     3.600E-17
 4972.00     3.253E-17
 4973.50     3.165E-17
 4975.00     3.384E-17
 4976.50     3.217E-17
 4978.00     3.466E-17
 4979.50     3.438E-17
 4981.00     3.435E-17
 4982.50     3.358E-17
 4984.00     3.071E-17
 4985.50     3.519E-17
 4987.00     3.365E-17
 4988.50     3.149E-17
 4990.00     3.265E-17
 4991.50     3.401E-17
 4993.00     3.249E-17
 4994.50     3.575E-17
 4996.00     3.511E-17
 4997.50     3.359E-17
 4999.00     3.699E-17
 5000.50     3.283E-17
 5002.00     3.007E-17
 5003.50     3.410E-17
 5005.00     3.095E-17
 5006.50     3.449E-17
 5008.00     3.280E-17
 5009.50     3.708E-17
 5011.00     3.579E-17
 5012.50     3.906E-17
 5014.00     3.860E-17
 5015.50     3.231E-17
 5017.00     3.241E-17
 5018.50     3.126E-17
 5020.00     3.410E-17
 5021.50     2.895E-17
 5023.00     3.529E-17
 5024.50     3.217E-17
 5026.00     3.102E-17
 5027.50     3.295E-17
 5029.00     3.636E-17
 5030.50     3.264E-17
 5032.00     3.574E-17
 5033.50     3.264E-17
 5035.00     3.309E-17
 5036.50     3.275E-17
 5038.00     3.331E-17
 5039.50     3.235E-17
 5041.00     3.371E-17
 5042.50     3.089E-17
 5044.00     3.475E-17
 5045.50     3.338E-17
 5047.00     3.304E-17
 5048.50     3.486E-17
 5050.00     3.910E-17
 5051.50     3.572E-17
 5053.00     3.216E-17
 5054.50     3.501E-17
 5056.00     3.314E-17
 5057.50     3.524E-17
 5059.00     3.465E-17
 5060.50     3.589E-17
 5062.00     3.405E-17
 5063.50     3.476E-17
 5065.00     3.555E-17
 5066.50     3.757E-17
 5068.00     3.709E-17
 5069.50     3.615E-17
 5071.00     3.619E-17
 5072.50     3.374E-17
 5074.00     3.348E-17
 5075.50     3.682E-17
 5077.00     3.496E-17
 5078.50     3.547E-17
 5080.00     3.494E-17
 5081.50     3.312E-17
 5083.00     3.396E-17
 5084.50     3.417E-17
 5086.00     3.404E-17
 5087.50     3.425E-17
 5089.00     3.282E-17
 5090.50     3.421E-17
 5092.00     3.353E-17
 5093.50     3.404E-17
 5095.00     3.287E-17
 5096.50     3.540E-17
 5098.00     3.717E-17
 5099.50     3.787E-17
 5101.00     3.094E-17
 5102.50     3.285E-17
 5104.00     3.387E-17
 5105.50     3.735E-17
 5107.00     3.303E-17
 5108.50     3.396E-17
 5110.00     3.636E-17
 5111.50     3.672E-17
 5113.00     3.640E-17
 5114.50     3.871E-17
 5116.00     4.045E-17
 5117.50     3.584E-17
 5119.00     3.850E-17
 5120.50     3.456E-17
 5122.00     3.602E-17
 5123.50     3.726E-17
 5125.00     3.243E-17
 5126.50     3.887E-17
 5128.00     3.789E-17
 5129.50     3.554E-17
 5131.00     3.959E-17
 5132.50     3.393E-17
 5134.00     3.867E-17
 5135.50     3.585E-17
 5137.00     3.687E-17
 5138.50     3.903E-17
 5140.00     3.860E-17
 5141.50     3.597E-17
 5143.00     3.918E-17
 5144.50     3.841E-17
 5146.00     3.853E-17
 5147.50     3.924E-17
 5149.00     3.744E-17
 5150.50     4.317E-17
 5152.00     4.056E-17
 5153.50     3.918E-17
 5155.00     3.982E-17
 5156.50     3.589E-17
 5158.00     3.887E-17
 5159.50     3.984E-17
 5161.00     4.106E-17
 5162.50     4.000E-17
 5164.00     3.763E-17
 5165.50     3.804E-17
 5167.00     4.051E-17
 5168.50     4.052E-17
 5170.00     4.518E-17
 5171.50     3.962E-17
 5173.00     3.955E-17
 5174.50     4.162E-17
 5176.00     4.139E-17
 5177.50     4.266E-17
 5179.00     3.937E-17
 5180.50     4.261E-17
 5182.00     4.300E-17
 5183.50     4.011E-17
 5185.00     4.198E-17
 5186.50     3.975E-17
 5188.00     4.303E-17
 5189.50     4.411E-17
 5191.00     4.532E-17
 5192.50     4.109E-17
 5194.00     4.312E-17
 5195.50     4.382E-17
 5197.00     4.216E-17
 5198.50     4.314E-17
 5200.00     4.215E-17
 5201.50     4.308E-17
 5203.00     4.543E-17
 5204.50     4.535E-17
 5206.00     4.623E-17
 5207.50     4.717E-17
 5209.00     4.293E-17
 5210.50     4.449E-17
 5212.00     4.297E-17
 5213.50     4.329E-17
 5215.00     4.185E-17
 5216.50     4.389E-17
 5218.00     4.593E-17
 5219.50     4.421E-17
 5221.00     4.807E-17
 5222.50     4.642E-17
 5224.00     4.505E-17
 5225.50     4.484E-17
 5227.00     3.990E-17
 5228.50     4.245E-17
 5230.00     3.833E-17
 5231.50     4.066E-17
 5233.00     4.134E-17
 5234.50     4.457E-17
 5236.00     4.205E-17
 5237.50     3.993E-17
 5239.00     4.021E-17
 5240.50     3.881E-17
 5242.00     4.153E-17
 5243.50     4.089E-17
 5245.00     4.131E-17
 5246.50     3.909E-17
 5248.00     3.824E-17
 5249.50     3.854E-17
 5251.00     4.235E-17
 5252.50     4.296E-17
 5254.00     4.388E-17
 5255.50     3.932E-17
 5257.00     3.957E-17
 5258.50     4.226E-17
 5260.00     4.247E-17
 5261.50     3.831E-17
 5263.00     3.832E-17
 5264.50     3.911E-17
 5266.00     3.956E-17
 5267.50     3.536E-17
 5269.00     4.012E-17
 5270.50     3.902E-17
 5272.00     3.618E-17
 5273.50     3.623E-17
 5275.00     3.746E-17
 5276.50     3.629E-17
 5278.00     3.863E-17
 5279.50     3.444E-17
 5281.00     3.691E-17
 5282.50     3.868E-17
 5284.00     3.504E-17
 5285.50     3.819E-17
 5287.00     3.818E-17
 5288.50     3.607E-17
 5290.00     3.472E-17
 5291.50     3.991E-17
 5293.00     3.779E-17
 5294.50     3.715E-17
 5296.00     3.537E-17
 5297.50     3.642E-17
 5299.00     3.625E-17
 5300.50     3.456E-17
 5302.00     3.742E-17
 5303.50     3.376E-17
 5305.00     3.337E-17
 5306.50     3.583E-17
 5308.00     3.703E-17
 5309.50     3.225E-17
 5311.00     3.306E-17
 5312.50     3.191E-17
 5314.00     3.157E-17
 5315.50     3.408E-17
 5317.00     3.540E-17
 5318.50     3.232E-17
 5320.00     3.519E-17
 5321.50     3.318E-17
 5323.00     3.128E-17
 5324.50     3.184E-17
 5326.00     3.235E-17
 5327.50     3.196E-17
 5329.00     3.027E-17
 5330.50     3.729E-17
 5332.00     3.337E-17
 5333.50     3.279E-17
 5335.00     3.387E-17
 5336.50     3.410E-17
 5338.00     3.229E-17
 5339.50     3.379E-17
 5341.00     3.380E-17
 5342.50     3.424E-17
 5344.00     3.039E-17
 5345.50     3.177E-17
 5347.00     3.301E-17
 5348.50     3.463E-17
 5350.00     3.045E-17
 5351.50     3.071E-17
 5353.00     3.318E-17
 5354.50     3.522E-17
 5356.00     3.033E-17
 5357.50     3.035E-17
 5359.00     3.163E-17
 5360.50     3.259E-17
 5362.00     3.173E-17
 5363.50     3.335E-17
 5365.00     3.477E-17
 5366.50     3.012E-17
 5368.00     3.190E-17
 5369.50     3.368E-17
 5371.00     3.560E-17
 5372.50     3.213E-17
 5374.00     3.134E-17
 5375.50     3.419E-17
 5377.00     3.337E-17
 5378.50     2.947E-17
 5380.00     3.206E-17
 5381.50     3.297E-17
 5383.00     3.059E-17
 5384.50     3.741E-17
 5386.00     3.275E-17
 5387.50     3.040E-17
 5389.00     3.211E-17
 5390.50     3.464E-17
 5392.00     3.217E-17
 5393.50     3.340E-17
 5395.00     3.195E-17
 5396.50     3.101E-17
 5398.00     2.951E-17
 5399.50     3.606E-17
 5401.00     3.571E-17
 5402.50     3.010E-17
 5404.00     3.426E-17
 5405.50     2.973E-17
 5407.00     3.213E-17
 5408.50     2.964E-17
 5410.00     3.069E-17
 5411.50     3.324E-17
 5413.00     3.360E-17
 5414.50     3.019E-17
 5416.00     3.134E-17
 5417.50     3.248E-17
 5419.00     2.929E-17
 5420.50     2.601E-17
 5422.00     2.812E-17
 5423.50     3.057E-17
 5425.00     3.467E-17
 5426.50     3.327E-17
 5428.00     2.879E-17
 5429.50     3.163E-17
 5431.00     3.432E-17
 5432.50     3.141E-17
 5434.00     3.034E-17
 5435.50     3.140E-17
 5437.00     3.388E-17
 5438.50     3.347E-17
 5440.00     3.221E-17
 5441.50     3.099E-17
 5443.00     3.257E-17
 5444.50     3.083E-17
 5446.00     2.999E-17
 5447.50     3.386E-17
 5449.00     3.400E-17
 5450.50     3.172E-17
 5452.00     3.316E-17
 5453.50     3.356E-17
 5455.00     3.491E-17
 5456.50     3.145E-17
 5458.00     2.898E-17
 5459.50     2.650E-17
 5461.00     3.204E-17
 5462.50     3.438E-17
 5464.00     2.887E-17
 5465.50     3.267E-17
 5467.00     3.334E-17
 5468.50     2.979E-17
 5470.00     3.104E-17
 5471.50     3.327E-17
 5473.00     3.416E-17
 5474.50     2.939E-17
 5476.00     2.858E-17
 5477.50     3.128E-17
 5479.00     3.165E-17
 5480.50     2.882E-17
 5482.00     2.912E-17
 5483.50     3.165E-17
 5485.00     3.176E-17
 5486.50     3.292E-17
 5488.00     3.106E-17
 5489.50     3.090E-17
 5491.00     3.483E-17
 5492.50     2.919E-17
 5494.00     3.062E-17
 5495.50     3.197E-17
 5497.00     3.063E-17
 5498.50     3.298E-17
 5500.00     3.056E-17
 5501.50     2.763E-17
 5503.00     3.068E-17
 5504.50     2.560E-17
 5506.00     3.145E-17
 5507.50     2.942E-17
 5509.00     2.737E-17
 5510.50     2.603E-17
 5512.00     2.964E-17
 5513.50     2.877E-17
 5515.00     3.261E-17
 5516.50     2.516E-17
 5518.00     2.851E-17
 5519.50     3.182E-17
 5521.00     2.947E-17
 5522.50     3.286E-17
 5524.00     3.507E-17
 5525.50     3.038E-17
 5527.00     2.931E-17
 5528.50     3.104E-17
 5530.00     2.962E-17
 5531.50     3.367E-17
 5533.00     3.104E-17
 5534.50     2.747E-17
 5536.00     3.220E-17
 5537.50     3.104E-17
 5539.00     2.950E-17
 5540.50     2.913E-17
 5542.00     3.149E-17
 5543.50     3.160E-17
 5545.00     2.750E-17
 5546.50     2.583E-17
 5548.00     2.533E-17
 5549.50     2.631E-17
 5551.00     2.857E-17
 5552.50     2.968E-17
 5554.00     2.543E-17
 5555.50     2.552E-17
 5557.00     2.930E-17
 5558.50     3.185E-17
 5560.00     3.229E-17
 5561.50     3.100E-17
 5563.00     2.854E-17
 5564.50     2.884E-17
 5566.00     2.968E-17
 5567.50     3.404E-17
 5569.00     3.555E-17
 5570.50     3.479E-17
 5572.00     2.879E-17
 5573.50     3.723E-17
 5575.00     3.508E-17
 5576.50     3.891E-17
 5578.00     5.423E-17
 5579.50     5.951E-17
 5581.00     1.905E-17
 5582.50     2.284E-17
 5584.00     3.005E-17
 5585.50     2.971E-17
 5587.00     2.913E-17
 5588.50     3.062E-17
 5590.00     3.327E-17
 5591.50     2.978E-17
 5593.00     3.187E-17
 5594.50     3.164E-17
 5596.00     3.343E-17
 5597.50     3.266E-17
 5599.00     3.013E-17
 5600.50     3.033E-17
 5602.00     3.038E-17
 5603.50     3.042E-17
 5605.00     3.047E-17
 5606.50     3.051E-17
 5608.00     3.056E-17
 5609.50     3.060E-17
 5611.00     3.065E-17
 5612.50     3.069E-17
 5614.00     3.074E-17
 5615.50     3.078E-17
 5617.00     3.083E-17
 5618.50     3.087E-17
 5620.00     3.092E-17
 5621.50     3.096E-17
 5623.00     3.101E-17
 5624.50     3.105E-17
 5626.00     3.110E-17
 5627.50     3.114E-17
 5629.00     3.119E-17
 5630.50     3.123E-17
 5632.00     3.128E-17
 5633.50     3.132E-17
 5635.00     3.137E-17
 5636.50     3.141E-17
 5638.00     3.146E-17
 5639.50     3.150E-17
 5641.00     3.155E-17
 5642.50     3.159E-17
 5644.00     3.164E-17
 5645.50     3.168E-17
 5647.00     3.173E-17
 5648.50     3.177E-17
 5650.00     3.182E-17
 5651.50     3.186E-17
 5653.00     3.190E-17
 5654.50     3.195E-17
 5656.00     3.199E-17
 5657.50     3.204E-17
 5659.00     3.208E-17
 5660.50     3.213E-17
 5662.00     3.217E-17
 5663.50     3.222E-17
 5665.00     3.226E-17
 5666.50     3.231E-17
 5668.00     3.235E-17
 5669.50     3.240E-17
 5671.00     3.244E-17
 5672.50     3.249E-17
 5674.00     3.253E-17
 5675.50     3.258E-17
 5677.00     3.262E-17
 5678.50     3.267E-17
 5680.00     3.271E-17
 5681.50     3.276E-17
 5683.00     3.280E-17
 5684.50     3.285E-17
 5686.00     3.289E-17
 5687.50     3.294E-17
 5689.00     3.298E-17
 5690.50     3.303E-17
 5692.00     3.307E-17
 5693.50     3.312E-17
 5695.00     3.316E-17
 5696.50     3.321E-17
 5698.00     3.325E-17
 5699.50     3.330E-17
 5701.00     3.334E-17
 5702.50     3.339E-17
 5704.00     3.343E-17
 5705.50     3.348E-17
 5707.00     3.352E-17
 5708.50     3.357E-17
 5710.00     3.361E-17
 5711.50     3.366E-17
 5713.00     3.370E-17
 5714.50     3.375E-17
 5716.00     3.380E-17
 5717.50     3.375E-17
 5719.00     3.370E-17
 5720.50     3.365E-17
 5722.00     3.360E-17
 5723.50     3.355E-17
 5725.00     3.350E-17
 5726.50     3.344E-17
 5728.00     3.339E-17
 5729.50     3.334E-17
 5731.00     3.329E-17
 5732.50     3.324E-17
 5734.00     3.319E-17
 5735.50     3.314E-17
 5737.00     3.309E-17
 5738.50     3.304E-17
 5740.00     3.299E-17
 5741.50     3.294E-17
 5743.00     3.288E-17
 5744.50     3.283E-17
 5746.00     3.278E-17
 5747.50     3.273E-17
 5749.00     3.268E-17
 5750.50     3.263E-17
 5752.00     3.258E-17
 5753.50     3.253E-17
 5755.00     3.248E-17
 5756.50     3.243E-17
 5758.00     3.238E-17
 5759.50     3.232E-17
 5761.00     3.227E-17
 5762.50     3.222E-17
 5764.00     3.217E-17
 5765.50     3.212E-17
 5767.00     3.207E-17
 5768.50     3.202E-17
 5770.00     3.197E-17
 5771.50     3.192E-17
 5773.00     3.187E-17
 5774.50     3.182E-17
 5776.00     3.176E-17
 5777.50     3.171E-17
 5779.00     3.166E-17
 5780.50     3.161E-17
 5782.00     3.156E-17
 5783.50     3.151E-17
 5785.00     3.146E-17
 5786.50     3.141E-17
 5788.00     3.136E-17
 5789.50     3.131E-17
 5791.00     3.126E-17
 5792.50     3.120E-17
 5794.00     3.115E-17
 5795.50     3.110E-17
 5797.00     3.105E-17
 5798.50     3.100E-17
 5800.00     3.095E-17
 5801.50     3.090E-17
 5803.00     3.085E-17
 5804.50     3.080E-17
 5806.00     3.242E-17
 5807.50     3.171E-17
 5809.00     3.118E-17
 5810.50     3.042E-17
 5812.00     3.013E-17
 5813.50     3.121E-17
 5815.00     3.234E-17
 5816.50     3.013E-17
 5818.00     3.219E-17
 5819.50     3.159E-17
 5821.00     3.146E-17
 5822.50     3.272E-17
 5824.00     3.151E-17
 5825.50     3.206E-17
 5827.00     3.092E-17
 5828.50     2.961E-17
 5830.00     3.104E-17
 5831.50     3.169E-17
 5833.00     3.216E-17
 5834.50     3.097E-17
 5836.00     3.248E-17
 5837.50     3.209E-17
 5839.00     3.263E-17
 5840.50     3.258E-17
 5842.00     3.091E-17
 5843.50     3.054E-17
 5845.00     3.103E-17
 5846.50     3.092E-17
 5848.00     3.072E-17
 5849.50     3.103E-17
 5851.00     2.977E-17
 5852.50     2.986E-17
 5854.00     3.103E-17
 5855.50     2.739E-17
 5857.00     2.710E-17
 5858.50     2.877E-17
 5860.00     2.955E-17
 5861.50     3.057E-17
 5863.00     3.196E-17
 5864.50     3.011E-17
 5866.00     3.008E-17
 5867.50     3.078E-17
 5869.00     2.923E-17
 5870.50     3.279E-17
 5872.00     3.189E-17
 5873.50     3.062E-17
 5875.00     3.025E-17
 5876.50     3.181E-17
 5878.00     3.011E-17
 5879.50     2.867E-17
 5881.00     2.896E-17
 5882.50     2.932E-17
 5884.00     2.877E-17
 5885.50     3.076E-17
 5887.00     2.986E-17
 5888.50     3.060E-17
 5890.00     3.205E-17
 5891.50     3.028E-17
 5893.00     2.998E-17
 5894.50     3.067E-17
 5896.00     2.947E-17
 5897.50     3.059E-17
 5899.00     3.258E-17
 5900.50     2.970E-17
 5902.00     2.730E-17
 5903.50     2.855E-17
 5905.00     2.874E-17
 5906.50     2.924E-17
 5908.00     2.939E-17
 5909.50     2.963E-17
 5911.00     2.960E-17
 5912.50     2.988E-17
 5914.00     3.083E-17
 5915.50     2.922E-17
 5917.00     2.856E-17
 5918.50     2.944E-17
 5920.00     2.915E-17
 5921.50     2.746E-17
 5923.00     2.727E-17
 5924.50     2.909E-17
 5926.00     2.899E-17
 5927.50     3.070E-17
 5929.00     3.236E-17
 5930.50     3.073E-17
 5932.00     2.873E-17
 5933.50     2.903E-17
 5935.00     3.010E-17
 5936.50     2.940E-17
 5938.00     2.952E-17
 5939.50     3.038E-17
 5941.00     2.888E-17
 5942.50     2.721E-17
 5944.00     2.782E-17
 5945.50     2.856E-17
 5947.00     2.874E-17
 5948.50     2.883E-17
 5950.00     3.021E-17
 5951.50     3.037E-17
 5953.00     2.996E-17
 5954.50     3.077E-17
 5956.00     3.056E-17
 5957.50     2.987E-17
 5959.00     3.028E-17
 5960.50     2.964E-17
 5962.00     2.874E-17
 5963.50     2.994E-17
 5965.00     2.985E-17
 5966.50     3.022E-17
 5968.00     3.003E-17
 5969.50     2.801E-17
 5971.00     2.775E-17
 5972.50     2.659E-17
 5974.00     2.980E-17
 5975.50     2.953E-17
 5977.00     2.876E-17
 5978.50     3.092E-17
 5980.00     2.962E-17
 5981.50     2.859E-17
 5983.00     2.871E-17
 5984.50     2.829E-17
 5986.00     2.803E-17
 5987.50     2.884E-17
 5989.00     2.978E-17
 5990.50     3.134E-17
 5992.00     3.089E-17
 5993.50     2.871E-17
 5995.00     2.958E-17
 5996.50     3.021E-17
 5998.00     2.852E-17
 5999.50     2.829E-17
 6001.00     2.918E-17
 6002.50     3.046E-17
 6004.00     3.016E-17
 6005.50     2.900E-17
 6007.00     2.779E-17
 6008.50     2.879E-17
 6010.00     2.907E-17
 6011.50     2.936E-17
 6013.00     2.854E-17
 6014.50     2.952E-17
 6016.00     2.961E-17
 6017.50     2.845E-17
 6019.00     2.869E-17
 6020.50     2.955E-17
 6022.00     3.017E-17
 6023.50     3.009E-17
 6025.00     2.933E-17
 6026.50     2.945E-17
 6028.00     2.876E-17
 6029.50     2.949E-17
 6031.00     2.990E-17
 6032.50     2.983E-17
 6034.00     2.980E-17
 6035.50     2.795E-17
 6037.00     2.871E-17
 6038.50     2.807E-17
 6040.00     2.793E-17
 6041.50     2.950E-17
 6043.00     3.080E-17
 6044.50     3.077E-17
 6046.00     2.854E-17
 6047.50     2.926E-17
 6049.00     2.762E-17
 6050.50     2.900E-17
 6052.00     2.956E-17
 6053.50     3.150E-17
 6055.00     2.868E-17
 6056.50     2.817E-17
 6058.00     2.925E-17
 6059.50     3.000E-17
 6061.00     2.889E-17
 6062.50     2.934E-17
 6064.00     3.009E-17
 6065.50     3.052E-17
 6067.00     3.076E-17
 6068.50     2.949E-17
 6070.00     2.816E-17
 6071.50     2.992E-17
 6073.00     3.014E-17
 6074.50     2.980E-17
 6076.00     2.879E-17
 6077.50     2.723E-17
 6079.00     2.984E-17
 6080.50     3.130E-17
 6082.00     3.043E-17
 6083.50     2.887E-17
 6085.00     2.835E-17
 6086.50     3.009E-17
 6088.00     2.820E-17
 6089.50     2.904E-17
 6091.00     2.933E-17
 6092.50     3.016E-17
 6094.00     2.904E-17
 6095.50     2.862E-17
 6097.00     2.853E-17
 6098.50     2.795E-17
 6100.00     2.897E-17
 6101.50     2.909E-17
 6103.00     2.914E-17
 6104.50     2.880E-17
 6106.00     2.841E-17
 6107.50     2.993E-17
 6109.00     2.950E-17
 6110.50     2.699E-17
 6112.00     2.759E-17
 6113.50     2.901E-17
 6115.00     2.934E-17
 6116.50     2.919E-17
 6118.00     2.841E-17
 6119.50     2.923E-17
 6121.00     2.881E-17
 6122.50     2.839E-17
 6124.00     2.865E-17
 6125.50     2.830E-17
 6127.00     2.946E-17
 6128.50     2.776E-17
 6130.00     2.661E-17
 6131.50     2.688E-17
 6133.00     2.854E-17
 6134.50     2.816E-17
 6136.00     2.733E-17
 6137.50     2.783E-17
 6139.00     2.811E-17
 6140.50     2.836E-17
 6142.00     2.864E-17
 6143.50     2.775E-17
 6145.00     2.796E-17
 6146.50     2.865E-17
 6148.00     2.769E-17
 6149.50     2.735E-17
 6151.00     2.831E-17
 6152.50     2.691E-17
 6154.00     2.898E-17
 6155.50     2.862E-17
 6157.00     2.824E-17
 6158.50     2.921E-17
 6160.00     2.894E-17
 6161.50     2.970E-17
 6163.00     3.026E-17
 6164.50     2.848E-17
 6166.00     2.701E-17
 6167.50     2.769E-17
 6169.00     2.890E-17
 6170.50     2.705E-17
 6172.00     2.645E-17
 6173.50     2.633E-17
 6175.00     2.751E-17
 6176.50     2.852E-17
 6178.00     2.819E-17
 6179.50     2.824E-17
 6181.00     3.036E-17
 6182.50     2.810E-17
 6184.00     2.794E-17
 6185.50     2.954E-17
 6187.00     2.958E-17
 6188.50     2.928E-17
 6190.00     2.990E-17
 6191.50     2.969E-17
 6193.00     2.912E-17
 6194.50     2.810E-17
 6196.00     2.566E-17
 6197.50     2.663E-17
 6199.00     2.820E-17
 6200.50     2.936E-17
 6202.00     2.941E-17
 6203.50     2.915E-17
 6205.00     2.920E-17
 6206.50     2.855E-17
 6208.00     2.826E-17
 6209.50     2.995E-17
 6211.00     2.943E-17
 6212.50     2.741E-17
 6214.00     2.750E-17
 6215.50     2.857E-17
 6217.00     2.877E-17
 6218.50     2.843E-17
 6220.00     2.707E-17
 6221.50     2.717E-17
 6223.00     2.742E-17
 6224.50     2.797E-17
 6226.00     2.793E-17
 6227.50     2.731E-17
 6229.00     2.890E-17
 6230.50     2.861E-17
 6232.00     2.884E-17
 6233.50     3.008E-17
 6235.00     2.980E-17
 6236.50     2.891E-17
 6238.00     2.859E-17
 6239.50     3.129E-17
 6241.00     2.773E-17
 6242.50     2.605E-17
 6244.00     2.859E-17
 6245.50     2.907E-17
 6247.00     2.912E-17
 6248.50     2.861E-17
 6250.00     2.786E-17
 6251.50     2.838E-17
 6253.00     2.757E-17
 6254.50     2.774E-17
 6256.00     2.726E-17
 6257.50     2.926E-17
 6259.00     2.638E-17
 6260.50     2.861E-17
 6262.00     2.927E-17
 6263.50     2.920E-17
 6265.00     3.072E-17
 6266.50     2.925E-17
 6268.00     2.853E-17
 6269.50     2.951E-17
 6271.00     2.988E-17
 6272.50     2.953E-17
 6274.00     2.774E-17
 6275.50     2.824E-17
 6277.00     2.839E-17
 6278.50     2.853E-17
 6280.00     2.829E-17
 6281.50     2.779E-17
 6283.00     2.878E-17
 6284.50     2.796E-17
 6286.00     2.848E-17
 6287.50     2.925E-17
 6289.00     2.855E-17
 6290.50     2.981E-17
 6292.00     3.028E-17
 6293.50     2.961E-17
 6295.00     2.975E-17
 6296.50     2.764E-17
 6298.00     2.792E-17
 6299.50     2.815E-17
 6301.00     2.900E-17
 6302.50     2.979E-17
 6304.00     2.934E-17
 6305.50     3.070E-17
 6307.00     2.867E-17
 6308.50     2.799E-17
 6310.00     2.740E-17
 6311.50     2.836E-17
 6313.00     2.700E-17
 6314.50     2.780E-17
 6316.00     2.779E-17
 6317.50     2.920E-17
 6319.00     2.697E-17
 6320.50     2.705E-17
 6322.00     2.809E-17
 6323.50     2.883E-17
 6325.00     2.977E-17
 6326.50     2.934E-17
 6328.00     2.873E-17
 6329.50     2.908E-17
 6331.00     2.894E-17
 6332.50     2.962E-17
 6334.00     2.900E-17
 6335.50     2.891E-17
 6337.00     2.951E-17
 6338.50     2.895E-17
 6340.00     2.832E-17
 6341.50     2.870E-17
 6343.00     2.945E-17
 6344.50     2.875E-17
 6346.00     2.872E-17
 6347.50     2.980E-17
 6349.00     3.116E-17
 6350.50     3.123E-17
 6352.00     2.994E-17
 6353.50     2.777E-17
 6355.00     2.804E-17
 6356.50     2.865E-17
 6358.00     2.788E-17
 6359.50     2.820E-17
 6361.00     2.853E-17
 6362.50     2.825E-17
 6364.00     2.889E-17
 6365.50     2.808E-17
 6367.00     2.900E-17
 6368.50     2.949E-17
 6370.00     2.894E-17
 6371.50     2.777E-17
 6373.00     2.862E-17
 6374.50     3.059E-17
 6376.00     3.030E-17
 6377.50     2.957E-17
 6379.00     2.957E-17
 6380.50     3.005E-17
 6382.00     3.009E-17
 6383.50     3.037E-17
 6385.00     3.002E-17
 6386.50     2.899E-17
 6388.00     2.911E-17
 6389.50     3.012E-17
 6391.00     3.001E-17
 6392.50     2.853E-17
 6394.00     2.841E-17
 6395.50     3.043E-17
 6397.00     2.889E-17
 6398.50     2.965E-17
 6400.00     3.022E-17
 6401.50     2.940E-17
 6403.00     2.782E-17
 6404.50     2.890E-17
 6406.00     3.085E-17
 6407.50     3.001E-17
 6409.00     2.802E-17
 6410.50     2.770E-17
 6412.00     2.885E-17
 6413.50     2.999E-17
 6415.00     2.990E-17
 6416.50     2.861E-17
 6418.00     2.840E-17
 6419.50     2.875E-17
 6421.00     2.986E-17
 6422.50     3.043E-17
 6424.00     3.087E-17
 6425.50     3.087E-17
 6427.00     2.944E-17
 6428.50     2.915E-17
 6430.00     2.983E-17
 6431.50     2.909E-17
 6433.00     2.946E-17
 6434.50     2.935E-17
 6436.00     3.064E-17
 6437.50     3.085E-17
 6439.00     2.958E-17
 6440.50     3.026E-17
 6442.00     2.968E-17
 6443.50     3.005E-17
 6445.00     3.014E-17
 6446.50     3.007E-17
 6448.00     2.972E-17
 6449.50     2.940E-17
 6451.00     2.966E-17
 6452.50     2.947E-17
 6454.00     2.937E-17
 6455.50     2.856E-17
 6457.00     2.851E-17
 6458.50     3.004E-17
 6460.00     3.170E-17
 6461.50     2.996E-17
 6463.00     2.836E-17
 6464.50     2.880E-17
 6466.00     2.944E-17
 6467.50     3.014E-17
 6469.00     2.963E-17
 6470.50     2.843E-17
 6472.00     2.940E-17
 6473.50     3.014E-17
 6475.00     2.938E-17
 6476.50     3.071E-17
 6478.00     3.064E-17
 6479.50     2.973E-17
 6481.00     2.954E-17
 6482.50     2.930E-17
 6484.00     2.982E-17
 6485.50     2.943E-17
 6487.00     2.994E-17
 6488.50     3.105E-17
 6490.00     3.008E-17
 6491.50     2.915E-17
 6493.00     2.817E-17
 6494.50     2.817E-17
 6496.00     2.995E-17
 6497.50     3.141E-17
 6499.00     2.954E-17
 6500.50     2.961E-17
 6502.00     2.951E-17
 6503.50     3.058E-17
 6505.00     2.997E-17
 6506.50     2.865E-17
 6508.00     3.046E-17
 6509.50     2.963E-17
 6511.00     2.830E-17
 6512.50     2.749E-17
 6514.00     2.824E-17
 6515.50     2.805E-17
 6517.00     2.849E-17
 6518.50     2.865E-17
 6520.00     2.897E-17
 6521.50     3.024E-17
 6523.00     2.894E-17
 6524.50     2.943E-17
 6526.00     2.936E-17
 6527.50     2.833E-17
 6529.00     2.668E-17
 6530.50     2.688E-17
 6532.00     2.908E-17
 6533.50     2.948E-17
 6535.00     2.859E-17
 6536.50     2.738E-17
 6538.00     2.879E-17
 6539.50     2.862E-17
 6541.00     2.849E-17
 6542.50     2.843E-17
 6544.00     2.820E-17
 6545.50     2.981E-17
 6547.00     3.080E-17
 6548.50     3.002E-17
 6550.00     2.963E-17
 6551.50     3.165E-17
 6553.00     3.049E-17
 6554.50     2.902E-17
 6556.00     2.807E-17
 6557.50     2.648E-17
 6559.00     2.683E-17
 6560.50     2.748E-17
 6562.00     2.739E-17
 6563.50     2.846E-17
 6565.00     2.784E-17
 6566.50     2.717E-17
 6568.00     2.709E-17
 6569.50     2.782E-17
 6571.00     2.870E-17
 6572.50     2.811E-17
 6574.00     2.776E-17
 6575.50     2.805E-17
 6577.00     2.883E-17
 6578.50     2.851E-17
 6580.00     2.892E-17
 6581.50     2.959E-17
 6583.00     2.787E-17
 6584.50     2.607E-17
 6586.00     2.803E-17
 6587.50     2.926E-17
 6589.00     2.882E-17
 6590.50     2.899E-17
 6592.00     2.791E-17
 6593.50     2.841E-17
 6595.00     2.856E-17
 6596.50     2.809E-17
 6598.00     2.719E-17
 6599.50     2.894E-17
 6601.00     2.849E-17
 6602.50     2.743E-17
 6604.00     2.747E-17
 6605.50     2.817E-17
 6607.00     2.787E-17
 6608.50     2.867E-17
 6610.00     2.866E-17
 6611.50     2.751E-17
 6613.00     2.841E-17
 6614.50     2.945E-17
 6616.00     2.906E-17
 6617.50     2.782E-17
 6619.00     2.782E-17
 6620.50     2.785E-17
 6622.00     2.827E-17
 6623.50     2.849E-17
 6625.00     2.807E-17
 6626.50     2.934E-17
 6628.00     2.933E-17
 6629.50     2.873E-17
 6631.00     2.744E-17
 6632.50     2.890E-17
 6634.00     2.798E-17
 6635.50     2.898E-17
 6637.00     3.053E-17
 6638.50     3.058E-17
 6640.00     2.847E-17
 6641.50     2.862E-17
 6643.00     2.849E-17
 6644.50     2.725E-17
 6646.00     2.740E-17
 6647.50     2.834E-17
 6649.00     2.716E-17
 6650.50     2.697E-17
 6652.00     2.694E-17
 6653.50     2.764E-17
 6655.00     2.760E-17
 6656.50     2.897E-17
 6658.00     2.926E-17
 6659.50     2.844E-17
 6661.00     2.796E-17
 6662.50     2.834E-17
 6664.00     2.868E-17
 6665.50     2.899E-17
 6667.00     2.854E-17
 6668.50     2.746E-17
 6670.00     2.719E-17
 6671.50     2.762E-17
 6673.00     2.793E-17
 6674.50     2.851E-17
 6676.00     2.817E-17
 6677.50     2.714E-17
 6679.00     2.835E-17
 6680.50     2.810E-17
 6682.00     2.722E-17
 6683.50     2.832E-17
 6685.00     2.876E-17
 6686.50     2.884E-17
 6688.00     2.817E-17
 6689.50     2.847E-17
 6691.00     2.817E-17
 6692.50     2.761E-17
 6694.00     2.779E-17
 6695.50     2.896E-17
 6697.00     2.789E-17
 6698.50     2.852E-17
 6700.00     2.891E-17
 6701.50     2.907E-17
 6703.00     2.915E-17
 6704.50     2.867E-17
 6706.00     2.859E-17
 6707.50     2.826E-17
 6709.00     2.742E-17
 6710.50     2.898E-17
 6712.00     2.969E-17
 6713.50     2.806E-17
 6715.00     2.866E-17
 6716.50     2.886E-17
 6718.00     2.819E-17
 6719.50     2.814E-17
 6721.00     2.907E-17
 6722.50     2.891E-17
 6724.00     2.846E-17
 6725.50     2.967E-17
 6727.00     3.027E-17
 6728.50     2.901E-17
 6730.00     2.846E-17
 6731.50     2.706E-17
 6733.00     2.865E-17
 6734.50     2.897E-17
 6736.00     2.708E-17
 6737.50     2.863E-17
 6739.00     2.993E-17
 6740.50     2.840E-17
 6742.00     2.757E-17
 6743.50     2.879E-17
 6745.00     3.054E-17
 6746.50     2.889E-17
 6748.00     2.994E-17
 6749.50     3.040E-17
 6751.00     2.904E-17
 6752.50     2.681E-17
 6754.00     2.688E-17
 6755.50     2.795E-17
 6757.00     2.846E-17
 6758.50     2.904E-17
 6760.00     2.842E-17
 6761.50     2.850E-17
 6763.00     2.890E-17
 6764.50     2.869E-17
 6766.00     2.826E-17
 6767.50     2.842E-17
 6769.00     2.903E-17
 6770.50     2.894E-17
 6772.00     2.894E-17
 6773.50     2.777E-17
 6775.00     2.838E-17
 6776.50     2.843E-17
 6778.00     2.825E-17
 6779.50     2.872E-17
 6781.00     2.870E-17
 6782.50     2.822E-17
 6784.00     2.795E-17
 6785.50     2.820E-17
 6787.00     2.905E-17
 6788.50     2.730E-17
 6790.00     2.829E-17
 6791.50     2.913E-17
 6793.00     2.809E-17
 6794.50     2.910E-17
 6796.00     2.805E-17
 6797.50     2.762E-17
 6799.00     2.782E-17
 6800.50     2.907E-17
 6802.00     2.925E-17
 6803.50     2.870E-17
 6805.00     2.836E-17
 6806.50     2.832E-17
 6808.00     2.793E-17
 6809.50     2.853E-17
 6811.00     2.878E-17
 6812.50     2.948E-17
 6814.00     2.993E-17
 6815.50     3.081E-17
 6817.00     2.894E-17
 6818.50     2.903E-17
 6820.00     2.957E-17
 6821.50     2.907E-17
 6823.00     2.830E-17
 6824.50     2.751E-17
 6826.00     2.855E-17
 6827.50     2.876E-17
 6829.00     2.962E-17
 6830.50     2.890E-17
 6832.00     2.902E-17
 6833.50     2.912E-17
 6835.00     2.941E-17
 6836.50     2.866E-17
 6838.00     2.754E-17
 6839.50     2.813E-17
 6841.00     2.832E-17
 6842.50     2.648E-17
 6844.00     2.873E-17
 6845.50     3.011E-17
 6847.00     2.949E-17
 6848.50     2.828E-17
 6850.00     2.684E-17
 6851.50     2.767E-17
 6853.00     2.802E-17
 6854.50     2.902E-17
 6856.00     2.882E-17
 6857.50     2.809E-17
 6859.00     2.825E-17
 6860.50     2.834E-17
 6862.00     2.897E-17
 6863.50     2.655E-17
 6865.00     2.814E-17
 6866.50     2.950E-17
 6868.00     2.930E-17
 6869.50     2.800E-17
 6871.00     2.659E-17
 6872.50     2.664E-17
 6874.00     2.760E-17
 6875.50     2.631E-17
 6877.00     2.763E-17
 6878.50     2.766E-17
 6880.00     2.599E-17
 6881.50     2.755E-17
 6883.00     2.966E-17
 6884.50     3.014E-17
 6886.00     2.967E-17
 6887.50     2.892E-17
 6889.00     2.860E-17
 6890.50     2.723E-17
 6892.00     2.634E-17
 6893.50     2.756E-17
 6895.00     2.847E-17
 6896.50     2.936E-17
 6898.00     2.807E-17
 6899.50     2.695E-17
 6901.00     2.661E-17
 6902.50     2.805E-17
 6904.00     2.964E-17
 6905.50     2.854E-17
 6907.00     2.879E-17
 6908.50     2.808E-17
 6910.00     2.774E-17
 6911.50     2.712E-17
 6913.00     2.722E-17
 6914.50     2.897E-17
 6916.00     2.740E-17
 6917.50     2.817E-17
 6919.00     2.827E-17
 6920.50     2.615E-17
 6922.00     2.879E-17
 6923.50     3.052E-17
 6925.00     2.663E-17
 6926.50     2.676E-17
 6928.00     2.682E-17
 6929.50     2.669E-17
 6931.00     2.671E-17
 6932.50     2.654E-17
 6934.00     2.837E-17
 6935.50     2.836E-17
 6937.00     2.757E-17
 6938.50     2.697E-17
 6940.00     2.736E-17
 6941.50     2.647E-17
 6943.00     2.646E-17
 6944.50     2.559E-17
 6946.00     2.648E-17
 6947.50     2.547E-17
 6949.00     2.718E-17
 6950.50     2.881E-17
 6952.00     2.627E-17
 6953.50     2.724E-17
 6955.00     2.746E-17
 6956.50     2.763E-17
 6958.00     2.647E-17
 6959.50     2.677E-17
 6961.00     2.737E-17
 6962.50     2.765E-17
 6964.00     2.534E-17
 6965.50     2.646E-17
 6967.00     2.786E-17
 6968.50     2.721E-17
 6970.00     2.718E-17
 6971.50     2.674E-17
 6973.00     2.705E-17
 6974.50     2.736E-17
 6976.00     2.837E-17
 6977.50     2.795E-17
 6979.00     2.748E-17
 6980.50     2.668E-17
 6982.00     2.736E-17
 6983.50     2.711E-17
 6985.00     2.763E-17
 6986.50     2.776E-17
 6988.00     2.647E-17
 6989.50     2.653E-17
 6991.00     2.656E-17
 6992.50     2.590E-17
 6994.00     2.573E-17
 6995.50     2.570E-17
 6997.00     2.570E-17
 6998.50     2.569E-17
 7000.00     2.582E-17
 7001.50     2.556E-17
 7003.00     2.663E-17
 7004.50     2.658E-17
 7006.00     2.597E-17
 7007.50     2.588E-17
 7009.00     2.590E-17
 7010.50     2.707E-17
 7012.00     2.651E-17
 7013.50     2.586E-17
 7015.00     2.587E-17
 7016.50     2.630E-17
 7018.00     2.612E-17
 7019.50     2.479E-17
 7021.00     2.637E-17
 7022.50     2.666E-17
 7024.00     2.607E-17
 7025.50     2.551E-17
 7027.00     2.669E-17
 7028.50     2.626E-17
 7030.00     2.661E-17
 7031.50     2.702E-17
 7033.00     2.739E-17
 7034.50     2.736E-17
 7036.00     2.695E-17
 7037.50     2.770E-17
 7039.00     2.627E-17
 7040.50     2.525E-17
 7042.00     2.501E-17
 7043.50     2.531E-17
 7045.00     2.629E-17
 7046.50     2.672E-17
 7048.00     2.540E-17
 7049.50     2.487E-17
 7051.00     2.568E-17
 7052.50     2.689E-17
 7054.00     2.662E-17
 7055.50     2.657E-17
 7057.00     2.641E-17
 7058.50     2.527E-17
 7060.00     2.603E-17
 7061.50     2.508E-17
 7063.00     2.574E-17
 7064.50     2.521E-17
 7066.00     2.648E-17
 7067.50     2.557E-17
 7069.00     2.477E-17
 7070.50     2.408E-17
 7072.00     2.426E-17
 7073.50     2.457E-17
 7075.00     2.643E-17
 7076.50     2.518E-17
 7078.00     2.404E-17
 7079.50     2.589E-17
 7081.00     2.599E-17
 7082.50     2.572E-17
 7084.00     2.471E-17
 7085.50     2.460E-17
 7087.00     2.635E-17
 7088.50     2.518E-17
 7090.00     2.428E-17
 7091.50     2.567E-17
 7093.00     2.651E-17
 7094.50     2.562E-17
 7096.00     2.654E-17
 7097.50     2.548E-17
 7099.00     2.499E-17
 7100.50     2.559E-17
 7102.00     2.629E-17
 7103.50     2.548E-17
 7105.00     2.515E-17
 7106.50     2.453E-17
 7108.00     2.573E-17
 7109.50     2.572E-17
 7111.00     2.515E-17
 7112.50     2.509E-17
 7114.00     2.525E-17
 7115.50     2.608E-17
 7117.00     2.648E-17
 7118.50     2.583E-17
 7120.00     2.598E-17
 7121.50     2.531E-17
 7123.00     2.555E-17
 7124.50     2.668E-17
 7126.00     2.649E-17
 7127.50     2.605E-17
 7129.00     2.565E-17
 7130.50     2.623E-17
 7132.00     2.525E-17
 7133.50     2.495E-17
 7135.00     2.585E-17
 7136.50     2.673E-17
 7138.00     2.714E-17
 7139.50     2.721E-17
 7141.00     2.513E-17
 7142.50     2.602E-17
 7144.00     2.547E-17
 7145.50     2.523E-17
 7147.00     2.451E-17
 7148.50     2.361E-17
 7150.00     2.508E-17
 7151.50     2.659E-17
 7153.00     2.671E-17
 7154.50     2.698E-17
 7156.00     2.617E-17
 7157.50     2.634E-17
 7159.00     2.698E-17
 7160.50     2.549E-17
 7162.00     2.397E-17
 7163.50     2.578E-17
 7165.00     2.629E-17
 7166.50     2.661E-17
 7168.00     2.665E-17
 7169.50     2.605E-17
 7171.00     2.442E-17
 7172.50     2.393E-17
 7174.00     2.453E-17
 7175.50     2.510E-17
 7177.00     2.387E-17
 7178.50     2.507E-17
 7180.00     2.614E-17
 7181.50     2.368E-17
 7183.00     2.306E-17
 7184.50     2.297E-17
 7186.00     2.355E-17
 7187.50     2.341E-17
 7189.00     2.377E-17
 7190.50     2.386E-17
 7192.00     2.554E-17
 7193.50     2.546E-17
 7195.00     2.381E-17
 7196.50     2.486E-17
 7198.00     2.482E-17
 7199.50     2.419E-17
 7201.00     2.441E-17
 7202.50     2.365E-17
 7204.00     2.428E-17
 7205.50     2.376E-17
 7207.00     2.391E-17
 7208.50     2.315E-17
 7210.00     2.533E-17
 7211.50     2.516E-17
 7213.00     2.477E-17
 7214.50     2.600E-17
 7216.00     2.637E-17
 7217.50     2.546E-17
 7219.00     2.541E-17
 7220.50     2.571E-17
 7222.00     2.573E-17
 7223.50     2.694E-17
 7225.00     2.613E-17
 7226.50     2.385E-17
 7228.00     2.484E-17
 7229.50     2.485E-17
 7231.00     2.619E-17
 7232.50     2.710E-17
 7234.00     2.431E-17
 7235.50     2.423E-17
 7237.00     2.398E-17
 7238.50     2.544E-17
 7240.00     2.878E-17
 7241.50     2.707E-17
 7243.00     2.689E-17
 7244.50     2.745E-17
 7246.00     2.527E-17
 7247.50     2.560E-17
 7249.00     2.580E-17
 7250.50     2.429E-17
 7252.00     2.500E-17
 7253.50     2.418E-17
 7255.00     2.299E-17
 7256.50     2.330E-17
 7258.00     2.461E-17
 7259.50     2.571E-17
 7261.00     2.538E-17
 7262.50     2.372E-17
 7264.00     2.318E-17
 7265.50     2.291E-17
 7267.00     2.287E-17
 7268.50     2.502E-17
 7270.00     2.453E-17
 7271.50     2.385E-17
 7273.00     2.346E-17
 7274.50     2.274E-17
 7276.00     2.195E-17
 7277.50     2.056E-17
 7279.00     2.266E-17
 7280.50     2.584E-17
 7282.00     2.548E-17
 7283.50     2.581E-17
 7285.00     2.458E-17
 7286.50     2.327E-17
 7288.00     2.493E-17
 7289.50     2.415E-17
 7291.00     2.197E-17
 7292.50     2.277E-17
 7294.00     2.287E-17
 7295.50     2.381E-17
 7297.00     2.219E-17
 7298.50     2.296E-17
 7300.00     2.390E-17
 7301.50     2.422E-17
 7303.00     2.364E-17
 7304.50     2.208E-17
 7306.00     2.369E-17
 7307.50     2.402E-17
 7309.00     2.355E-17
 7310.50     2.381E-17
 7312.00     2.472E-17
 7313.50     2.481E-17
 7315.00     2.436E-17
 7316.50     2.477E-17
 7318.00     2.329E-17
 7319.50     2.326E-17
 7321.00     2.554E-17
 7322.50     2.496E-17
 7324.00     2.426E-17
 7325.50     2.530E-17
 7327.00     2.246E-17
 7328.50     2.408E-17
 7330.00     2.400E-17
 7331.50     2.515E-17
 7333.00     2.427E-17
 7334.50     2.339E-17
 7336.00     2.493E-17
 7337.50     2.511E-17
 7339.00     2.549E-17
 7340.50     2.689E-17
 7342.00     2.517E-17
 7343.50     2.467E-17
 7345.00     2.515E-17
 7346.50     2.567E-17
 7348.00     2.502E-17
 7349.50     2.384E-17
 7351.00     2.389E-17
 7352.50     2.371E-17
 7354.00     2.383E-17
 7355.50     2.605E-17
 7357.00     2.465E-17
 7358.50     2.382E-17
 7360.00     2.425E-17
 7361.50     2.503E-17
 7363.00     2.634E-17
 7364.50     2.535E-17
 7366.00     2.403E-17
 7367.50     2.392E-17
 7369.00     2.536E-17
 7370.50     2.499E-17
 7372.00     2.511E-17
 7373.50     2.495E-17
 7375.00     2.578E-17
 7376.50     2.578E-17
 7378.00     2.625E-17
 7379.50     2.627E-17
 7381.00     2.492E-17
 7382.50     2.604E-17
 7384.00     2.540E-17
 7385.50     2.563E-17
 7387.00     2.768E-17
 7388.50     2.769E-17
 7390.00     2.695E-17
 7391.50     2.639E-17
 7393.00     2.664E-17
 7394.50     2.626E-17
 7396.00     2.686E-17
 7397.50     2.614E-17
 7399.00     2.380E-17
 7400.50     2.541E-17
 7402.00     2.572E-17
 7403.50     2.564E-17
 7405.00     2.548E-17
 7406.50     2.645E-17
 7408.00     2.491E-17
 7409.50     2.562E-17
 7411.00     2.588E-17
 7412.50     2.636E-17
 7414.00     2.543E-17
 7415.50     2.529E-17
 7417.00     2.508E-17
 7418.50     2.578E-17
 7420.00     2.608E-17
 7421.50     2.534E-17
 7423.00     2.553E-17
 7424.50     2.558E-17
 7426.00     2.487E-17
 7427.50     2.608E-17
 7429.00     2.578E-17
 7430.50     2.534E-17
 7432.00     2.620E-17
 7433.50     2.528E-17
 7435.00     2.660E-17
 7436.50     2.689E-17
 7438.00     2.537E-17
 7439.50     2.410E-17
 7441.00     2.601E-17
 7442.50     2.733E-17
 7444.00     2.655E-17
 7445.50     2.665E-17
 7447.00     2.658E-17
 7448.50     2.643E-17
 7450.00     2.664E-17
 7451.50     2.851E-17
 7453.00     2.802E-17
 7454.50     2.545E-17
 7456.00     2.710E-17
 7457.50     2.707E-17
 7459.00     2.712E-17
 7460.50     2.722E-17
 7462.00     2.878E-17
 7463.50     2.826E-17
 7465.00     2.817E-17
 7466.50     2.717E-17
 7468.00     2.704E-17
 7469.50     2.646E-17
 7471.00     2.879E-17
 7472.50     2.833E-17
 7474.00     2.755E-17
 7475.50     2.802E-17
 7477.00     2.865E-17
 7478.50     2.805E-17
 7480.00     2.742E-17
 7481.50     2.751E-17
 7483.00     2.693E-17
 7484.50     2.753E-17
 7486.00     2.763E-17
 7487.50     2.771E-17
 7489.00     2.743E-17
 7490.50     2.673E-17
 7492.00     2.797E-17
 7493.50     2.761E-17
 7495.00     2.661E-17
 7496.50     2.663E-17
 7498.00     2.727E-17
 7499.50     2.692E-17
 7501.00     2.732E-17
 7502.50     2.814E-17
 7504.00     2.827E-17
 7505.50     2.708E-17
 7507.00     2.634E-17
 7508.50     2.710E-17
 7510.00     2.793E-17
 7511.50     2.740E-17
 7513.00     2.736E-17
 7514.50     2.619E-17
 7516.00     2.689E-17
 7517.50     2.672E-17
 7519.00     2.753E-17
 7520.50     2.948E-17
 7522.00     2.852E-17
 7523.50     2.667E-17
 7525.00     2.905E-17
 7526.50     2.754E-17
 7528.00     2.830E-17
 7529.50     2.774E-17
 7531.00     2.693E-17
 7532.50     2.791E-17
 7534.00     2.929E-17
 7535.50     2.963E-17
 7537.00     2.747E-17
 7538.50     2.780E-17
 7540.00     2.887E-17
 7541.50     2.781E-17
 7543.00     2.843E-17
 7544.50     2.749E-17
 7546.00     2.690E-17
 7547.50     2.675E-17
 7549.00     2.813E-17
 7550.50     2.825E-17
 7552.00     2.848E-17
 7553.50     2.824E-17
 7555.00     2.878E-17
 7556.50     2.870E-17
 7558.00     2.876E-17
 7559.50     2.778E-17
 7561.00     2.776E-17
 7562.50     2.839E-17
 7564.00     2.870E-17
 7565.50     2.881E-17
 7567.00     2.898E-17
 7568.50     2.805E-17
 7570.00     2.873E-17
 7571.50     3.017E-17
 7573.00     2.990E-17
 7574.50     2.837E-17
 7576.00     3.072E-17
 7577.50     3.074E-17
 7579.00     2.935E-17
 7580.50     2.973E-17
 7582.00     2.870E-17
 7583.50     2.752E-17
 7585.00     2.903E-17
 7586.50     3.058E-17
 7588.00     3.116E-17
 7589.50     3.019E-17
 7591.00     3.197E-17
 7592.50     3.161E-17
 7594.00     3.229E-17
 7595.50     3.120E-17
 7597.00     2.772E-17
 7598.50     2.377E-17
 7600.00     3.030E-17
 7601.50     2.668E-17
 7603.00     2.016E-17
 7604.50     1.774E-17
 7606.00     2.008E-17
 7607.50     1.833E-17
 7609.00     2.390E-17
 7610.50     2.744E-17
 7612.00     3.120E-17
 7613.50     3.125E-17
 7615.00     3.187E-17
 7616.50     3.512E-17
 7618.00     3.537E-17
 7619.50     3.568E-17
 7621.00     3.813E-17
 7622.50     3.612E-17
 7624.00     3.353E-17
 7625.50     3.176E-17
 7627.00     3.486E-17
 7628.50     3.650E-17
 7630.00     3.763E-17
 7631.50     3.440E-17
 7633.00     3.548E-17
 7634.50     3.596E-17
 7636.00     3.627E-17
 7637.50     3.645E-17
 7639.00     3.345E-17
 7640.50     3.570E-17
 7642.00     3.627E-17
 7643.50     3.708E-17
 7645.00     3.584E-17
 7646.50     3.795E-17
 7648.00     3.662E-17
 7649.50     3.430E-17
 7651.00     3.825E-17
 7652.50     3.769E-17
 7654.00     3.648E-17
 7655.50     3.853E-17
 7657.00     3.882E-17
 7658.50     3.811E-17
 7660.00     3.918E-17
 7661.50     4.008E-17
 7663.00     3.752E-17
 7664.50     3.621E-17
 7666.00     3.580E-17
 7667.50     3.805E-17
 7669.00     3.763E-17
 7670.50     3.666E-17
 7672.00     3.748E-17
 7673.50     3.938E-17
 7675.00     3.900E-17
 7676.50     3.704E-17
 7678.00     3.776E-17
 7679.50     3.733E-17
 7681.00     3.727E-17
 7682.50     3.631E-17
 7684.00     3.645E-17
 7685.50     3.587E-17
 7687.00     3.745E-17
 7688.50     3.858E-17
 7690.00     3.691E-17
 7691.50     3.582E-17
 7693.00     3.464E-17
 7694.50     3.551E-17
 7696.00     3.674E-17
 7697.50     3.297E-17
 7699.00     3.518E-17
 7700.50     3.474E-17
 7702.00     3.501E-17
 7703.50     3.421E-17
 7705.00     3.362E-17
 7706.50     3.431E-17
 7708.00     3.491E-17
 7709.50     3.598E-17
 7711.00     3.721E-17
 7712.50     3.570E-17
 7714.00     3.825E-17
 7715.50     3.662E-17
 7717.00     3.442E-17
 7718.50     3.705E-17
 7720.00     3.353E-17
 7721.50     3.230E-17
 7723.00     3.345E-17
 7724.50     3.419E-17
 7726.00     3.343E-17
 7727.50     3.276E-17
 7729.00     3.388E-17
 7730.50     3.402E-17
 7732.00     3.224E-17
 7733.50     3.196E-17
 7735.00     3.438E-17
 7736.50     3.474E-17
 7738.00     3.271E-17
 7739.50     3.019E-17
 7741.00     2.999E-17
 7742.50     3.009E-17
 7744.00     3.027E-17
 7745.50     3.068E-17
 7747.00     3.052E-17
 7748.50     3.065E-17
 7750.00     3.129E-17
 7751.50     3.120E-17
 7753.00     3.219E-17
 7754.50     3.108E-17
 7756.00     2.951E-17
 7757.50     3.011E-17
 7759.00     2.853E-17
 7760.50     2.734E-17
 7762.00     2.893E-17
 7763.50     2.977E-17
 7765.00     2.693E-17
 7766.50     2.693E-17
 7768.00     2.740E-17
 7769.50     2.728E-17
 7771.00     2.743E-17
 7772.50     2.796E-17
 7774.00     2.883E-17
 7775.50     2.668E-17
 7777.00     2.513E-17
 7778.50     2.583E-17
 7780.00     2.781E-17
 7781.50     2.527E-17
 7783.00     2.661E-17
 7784.50     2.812E-17
 7786.00     2.777E-17
 7787.50     2.676E-17
 7789.00     2.725E-17
 7790.50     2.618E-17
 7792.00     2.621E-17
 7793.50     2.665E-17
 7795.00     2.557E-17
 7796.50     2.741E-17
 7798.00     2.690E-17
 7799.50     2.584E-17
 7801.00     2.595E-17
 7802.50     2.523E-17
 7804.00     2.480E-17
 7805.50     2.540E-17
 7807.00     2.678E-17
 7808.50     2.675E-17
 7810.00     2.482E-17
 7811.50     2.584E-17
 7813.00     2.580E-17
 7814.50     2.712E-17
 7816.00     2.632E-17
 7817.50     2.441E-17
 7819.00     2.699E-17
 7820.50     2.917E-17
 7822.00     2.745E-17
 7823.50     2.629E-17
 7825.00     2.570E-17
 7826.50     2.807E-17
 7828.00     2.640E-17
 7829.50     2.573E-17
 7831.00     2.513E-17
 7832.50     2.617E-17
 7834.00     2.636E-17
 7835.50     2.674E-17
 7837.00     2.636E-17
 7838.50     2.565E-17
 7840.00     2.569E-17
 7841.50     2.628E-17
 7843.00     2.703E-17
 7844.50     2.768E-17
 7846.00     2.506E-17
 7847.50     2.539E-17
 7849.00     2.455E-17
 7850.50     2.424E-17
 7852.00     2.478E-17
 7853.50     2.547E-17
 7855.00     2.558E-17
 7856.50     2.630E-17
 7858.00     2.730E-17
 7859.50     2.654E-17
 7861.00     2.633E-17
 7862.50     2.580E-17
 7864.00     2.357E-17
 7865.50     2.471E-17
 7867.00     2.515E-17
 7868.50     2.531E-17
 7870.00     2.414E-17
 7871.50     2.449E-17
 7873.00     2.507E-17
 7874.50     2.508E-17
 7876.00     2.722E-17
 7877.50     2.683E-17
 7879.00     2.521E-17
 7880.50     2.513E-17
 7882.00     2.500E-17
 7883.50     2.505E-17
 7885.00     2.473E-17
 7886.50     2.404E-17
 7888.00     2.494E-17
 7889.50     2.744E-17
 7891.00     2.443E-17
 7892.50     2.510E-17
 7894.00     2.500E-17
 7895.50     2.384E-17
 7897.00     2.397E-17
 7898.50     2.319E-17
 7900.00     2.313E-17
 7901.50     2.262E-17
 7903.00     2.428E-17
 7904.50     2.476E-17
 7906.00     2.435E-17
 7907.50     2.382E-17
 7909.00     2.299E-17
 7910.50     2.275E-17
 7912.00     2.694E-17
 7913.50     3.041E-17
 7915.00     2.683E-17
 7916.50     2.693E-17
 7918.00     2.704E-17
 7919.50     2.740E-17
 7921.00     2.427E-17
 7922.50     2.302E-17
 7924.00     2.397E-17
 7925.50     2.358E-17
 7927.00     2.154E-17
 7928.50     2.142E-17
 7930.00     2.063E-17
 7931.50     2.236E-17
 7933.00     2.463E-17
 7934.50     2.476E-17
 7936.00     2.516E-17
 7937.50     2.497E-17
 7939.00     2.471E-17
 7940.50     2.341E-17
 7942.00     2.405E-17
 7943.50     2.387E-17
 7945.00     2.365E-17
 7946.50     2.234E-17
 7948.00     2.269E-17
 7949.50     2.516E-17
 7951.00     2.492E-17
 7952.50     2.344E-17
 7954.00     2.374E-17
 7955.50     2.304E-17
 7957.00     2.424E-17
 7958.50     2.450E-17
 7960.00     2.252E-17
 7961.50     2.106E-17
 7963.00     2.285E-17
 7964.50     2.314E-17
 7966.00     2.513E-17
 7967.50     2.541E-17
 7969.00     2.551E-17
 7970.50     2.389E-17
 7972.00     2.353E-17
 7973.50     2.256E-17
 7975.00     2.277E-17
 7976.50     2.147E-17
 7978.00     2.167E-17
 7979.50     2.275E-17
 7981.00     2.392E-17
 7982.50     1.980E-17
 7984.00     2.257E-17
 7985.50     2.528E-17
 7987.00     2.370E-17
 7988.50     2.351E-17
 7990.00     2.243E-17
 7991.50     2.325E-17
 7993.00     2.528E-17
 7994.50     2.622E-17
 7996.00     2.794E-17
 7997.50     2.600E-17
 7999.00     2.277E-17
 8000.50     2.290E-17
 8002.00     2.196E-17
 8003.50     2.202E-17
 8005.00     2.320E-17
 8006.50     2.281E-17
 8008.00     2.368E-17
 8009.50     2.241E-17
 8011.00     2.258E-17
 8012.50     2.363E-17
 8014.00     2.256E-17
 8015.50     2.423E-17
 8017.00     2.370E-17
 8018.50     2.275E-17
 8020.00     2.270E-17
 8021.50     2.219E-17
 8023.00     2.294E-17
 8024.50     2.041E-17
 8026.00     2.065E-17
 8027.50     1.978E-17
 8029.00     2.300E-17
 8030.50     2.464E-17
 8032.00     2.422E-17
 8033.50     2.430E-17
 8035.00     2.367E-17
 8036.50     2.318E-17
 8038.00     2.399E-17
 8039.50     2.328E-17
 8041.00     2.265E-17
 8042.50     2.249E-17
 8044.00     2.217E-17
 8045.50     2.300E-17
 8047.00     2.213E-17
 8048.50     2.246E-17
 8050.00     2.312E-17
 8051.50     2.408E-17
 8053.00     2.166E-17
 8054.50     2.306E-17
 8056.00     2.399E-17
 8057.50     2.371E-17
 8059.00     2.267E-17
 8060.50     2.197E-17
 8062.00     2.373E-17
 8063.50     2.391E-17
 8065.00     2.441E-17
 8066.50     2.350E-17
 8068.00     2.339E-17
 8069.50     2.340E-17
 8071.00     2.344E-17
 8072.50     2.292E-17
 8074.00     2.274E-17
 8075.50     2.272E-17
 8077.00     2.468E-17
 8078.50     2.370E-17
 8080.00     2.311E-17
 8081.50     2.315E-17
 8083.00     2.222E-17
 8084.50     2.249E-17
 8086.00     2.351E-17
 8087.50     2.258E-17
 8089.00     2.136E-17
 8090.50     2.125E-17
 8092.00     2.196E-17
 8093.50     2.158E-17
 8095.00     2.177E-17
 8096.50     2.368E-17
 8098.00     2.432E-17
 8099.50     2.412E-17
 8101.00     2.262E-17
 8102.50     2.361E-17
 8104.00     2.405E-17
 8105.50     2.464E-17
 8107.00     2.244E-17
 8108.50     2.301E-17
 8110.00     2.349E-17
 8111.50     2.284E-17
 8113.00     2.243E-17
 8114.50     2.253E-17
 8116.00     2.225E-17
 8117.50     2.356E-17
 8119.00     2.177E-17
 8120.50     2.302E-17
 8122.00     2.351E-17
 8123.50     2.324E-17
 8125.00     2.231E-17
 8126.50     2.246E-17
 8128.00     2.193E-17
 8129.50     2.263E-17
 8131.00     2.169E-17
 8132.50     2.185E-17
 8134.00     2.223E-17
 8135.50     2.179E-17
 8137.00     2.240E-17
 8138.50     2.360E-17
 8140.00     2.260E-17
 8141.50     2.124E-17
 8143.00     2.279E-17
 8144.50     2.110E-17
 8146.00     2.118E-17
 8147.50     2.072E-17
 8149.00     1.998E-17
 8150.50     2.066E-17
 8152.00     2.046E-17
 8153.50     2.064E-17
 8155.00     2.049E-17
 8156.50     1.951E-17
 8158.00     2.042E-17
 8159.50     2.029E-17
 8161.00     2.181E-17
 8162.50     2.114E-17
 8164.00     2.038E-17
 8165.50     1.995E-17
 8167.00     1.957E-17
 8168.50     2.202E-17
 8170.00     2.040E-17
 8171.50     2.005E-17
 8173.00     2.081E-17
 8174.50     2.087E-17
 8176.00     2.241E-17
 8177.50     2.135E-17
 8179.00     1.954E-17
 8180.50     1.838E-17
 8182.00     2.029E-17
 8183.50     2.108E-17
 8185.00     2.200E-17
 8186.50     2.152E-17
 8188.00     2.016E-17
 8189.50     1.893E-17
 8191.00     1.946E-17
 8192.50     1.937E-17
 8194.00     2.029E-17
 8195.50     2.082E-17
 8197.00     1.996E-17
 8198.50     1.956E-17
 8200.00     2.058E-17
 8201.50     2.051E-17
 8203.00     2.116E-17
 8204.50     2.245E-17
 8206.00     2.138E-17
 8207.50     2.120E-17
 8209.00     2.135E-17
 8210.50     2.163E-17
 8212.00     2.277E-17
 8213.50     2.198E-17
 8215.00     2.066E-17
 8216.50     1.956E-17
 8218.00     1.962E-17
 8219.50     2.098E-17
 8221.00     2.040E-17
 8222.50     2.018E-17
 8224.00     2.026E-17
 8225.50     1.848E-17
 8227.00     1.847E-17
 8228.50     1.755E-17
 8230.00     1.839E-17
 8231.50     1.813E-17
 8233.00     1.796E-17
 8234.50     1.784E-17
 8236.00     1.921E-17
 8237.50     1.911E-17
 8239.00     1.964E-17
 8240.50     2.001E-17
 8242.00     1.910E-17
 8243.50     1.878E-17
 8245.00     1.999E-17
 8246.50     2.063E-17
 8248.00     2.026E-17
 8249.50     2.093E-17
 8251.00     1.966E-17
 8252.50     2.061E-17
 8254.00     2.146E-17
 8255.50     1.810E-17
 8257.00     1.796E-17
 8258.50     1.912E-17
 8260.00     1.776E-17
 8261.50     1.923E-17
 8263.00     1.917E-17
 8264.50     1.976E-17
 8266.00     1.974E-17
 8267.50     1.923E-17
 8269.00     1.920E-17
 8270.50     2.035E-17
 8272.00     1.825E-17
 8273.50     1.747E-17
 8275.00     1.582E-17
 8276.50     1.706E-17
 8278.00     1.772E-17
 8279.50     1.692E-17
 8281.00     1.768E-17
 8282.50     1.832E-17
 8284.00     1.915E-17
 8285.50     1.844E-17
 8287.00     2.136E-17
 8288.50     2.338E-17
 8290.00     2.159E-17
 8291.50     1.868E-17
 8293.00     1.722E-17
 8294.50     1.770E-17
 8296.00     1.827E-17
 8297.50     1.814E-17
 8299.00     2.011E-17
 8300.50     1.793E-17
 8302.00     1.916E-17
 8303.50     1.938E-17
 8305.00     1.886E-17
 8306.50     1.896E-17
 8308.00     1.953E-17
 8309.50     1.956E-17
 8311.00     1.957E-17
 8312.50     1.965E-17
 8314.00     1.938E-17
 8315.50     2.021E-17
 8317.00     1.927E-17
 8318.50     1.715E-17
 8320.00     1.871E-17
 8321.50     1.892E-17
 8323.00     1.910E-17
 8324.50     1.981E-17
 8326.00     1.849E-17
 8327.50     1.890E-17
 8329.00     1.939E-17
 8330.50     1.786E-17
 8332.00     1.825E-17
 8333.50     1.833E-17
 8335.00     1.930E-17
 8336.50     1.912E-17
 8338.00     1.786E-17
 8339.50     1.787E-17
 8341.00     1.579E-17
 8342.50     1.497E-17
 8344.00     2.172E-17
 8345.50     2.008E-17
 8347.00     2.116E-17
 8348.50     2.206E-17
 8350.00     2.135E-17
 8351.50     1.986E-17
 8353.00     2.105E-17
 8354.50     2.081E-17
 8356.00     2.048E-17
 8357.50     2.218E-17
 8359.00     2.123E-17
 8360.50     1.988E-17
 8362.00     1.953E-17
 8363.50     1.838E-17
 8365.00     1.952E-17
 8366.50     1.888E-17
 8368.00     1.961E-17
 8369.50     1.835E-17
 8371.00     1.847E-17
 8372.50     1.799E-17
 8374.00     1.897E-17
 8375.50     1.889E-17
 8377.00     1.902E-17
 8378.50     1.917E-17
 8380.00     1.705E-17
 8381.50     2.021E-17
 8383.00     2.021E-17
 8384.50     1.942E-17
 8386.00     2.011E-17
 8387.50     1.916E-17
 8389.00     1.864E-17
 8390.50     1.884E-17
 8392.00     1.849E-17
 8393.50     1.899E-17
 8395.00     1.947E-17
 8396.50     1.917E-17
 8398.00     2.082E-17
 8399.50     2.186E-17
 8401.00     2.011E-17
 8402.50     1.794E-17
 8404.00     2.174E-17
 8405.50     2.038E-17
 8407.00     1.801E-17
 8408.50     1.877E-17
 8410.00     1.979E-17
 8411.50     1.942E-17
 8413.00     1.904E-17
 8414.50     1.925E-17
 8416.00     1.822E-17
 8417.50     1.861E-17
 8419.00     2.184E-17
 8420.50     2.058E-17
 8422.00     1.857E-17
 8423.50     2.018E-17
 8425.00     2.075E-17
 8426.50     1.861E-17
 8428.00     1.707E-17
 8429.50     1.891E-17
 8431.00     2.325E-17
 8432.50     2.614E-17
 8434.00     2.629E-17
 8435.50     2.178E-17
 8437.00     2.028E-17
 8438.50     1.971E-17
 8440.00     1.893E-17
 8441.50     1.933E-17
 8443.00     1.868E-17
 8444.50     1.808E-17
 8446.00     1.850E-17
 8447.50     1.951E-17
 8449.00     1.928E-17
 8450.50     2.163E-17
 8452.00     2.318E-17
 8453.50     1.889E-17
 8455.00     1.796E-17
 8456.50     1.941E-17
 8458.00     2.055E-17
 8459.50     2.013E-17
 8461.00     2.025E-17
 8462.50     2.024E-17
 8464.00     1.883E-17
 8465.50     1.743E-17
 8467.00     2.022E-17
 8468.50     2.044E-17
 8470.00     2.212E-17
 8471.50     2.037E-17
 8473.00     1.972E-17
 8474.50     2.041E-17
 8476.00     1.931E-17
 8477.50     1.923E-17
 8479.00     1.932E-17
 8480.50     1.903E-17
 8482.00     1.734E-17
 8483.50     1.831E-17
 8485.00     1.862E-17
 8486.50     1.907E-17
 8488.00     1.972E-17
 8489.50     1.903E-17
 8491.00     2.036E-17
 8492.50     2.065E-17
 8494.00     2.111E-17
 8495.50     1.975E-17
 8497.00     1.977E-17
 8498.50     1.986E-17
 8500.00     1.950E-17
 8501.50     2.011E-17
 8503.00     2.143E-17
 8504.50     1.991E-17
 8506.00     1.791E-17
 8507.50     1.888E-17
 8509.00     2.139E-17
 8510.50     2.055E-17
 8512.00     1.926E-17
 8513.50     1.808E-17
 8515.00     1.749E-17
 8516.50     1.826E-17
 8518.00     1.913E-17
 8519.50     2.054E-17
 8521.00     1.989E-17
 8522.50     1.994E-17
 8524.00     2.048E-17
 8525.50     2.078E-17
 8527.00     1.860E-17
 8528.50     1.806E-17
 8530.00     1.898E-17
 8531.50     1.939E-17
 8533.00     1.948E-17
 8534.50     1.970E-17
 8536.00     1.936E-17
 8537.50     2.031E-17
 8539.00     2.126E-17
 8540.50     2.022E-17
 8542.00     1.893E-17
 8543.50     1.954E-17
 8545.00     1.909E-17
 8546.50     1.827E-17
 8548.00     1.778E-17
 8549.50     1.755E-17
 8551.00     1.733E-17
 8552.50     1.808E-17
 8554.00     1.885E-17
 8555.50     1.827E-17
 8557.00     1.761E-17
 8558.50     1.821E-17
 8560.00     1.669E-17
 8561.50     1.848E-17
 8563.00     1.967E-17
 8564.50     1.972E-17
 8566.00     2.053E-17
 8567.50     1.883E-17
 8569.00     1.793E-17
 8570.50     1.811E-17
 8572.00     1.900E-17
 8573.50     1.863E-17
 8575.00     1.893E-17
 8576.50     1.989E-17
 8578.00     2.054E-17
 8579.50     1.954E-17
 8581.00     1.976E-17
 8582.50     2.084E-17
 8584.00     2.134E-17
 8585.50     1.999E-17
 8587.00     1.876E-17
 8588.50     1.995E-17
 8590.00     2.006E-17
 8591.50     1.972E-17
 8593.00     1.908E-17
 8594.50     1.862E-17
 8596.00     1.743E-17
 8597.50     1.941E-17
 8599.00     2.245E-17
 8600.50     2.176E-17
 8602.00     1.968E-17
 8603.50     1.858E-17
 8605.00     1.878E-17
 8606.50     1.897E-17
 8608.00     1.825E-17
 8609.50     1.870E-17
 8611.00     1.971E-17
 8612.50     1.869E-17
 8614.00     1.821E-17
 8615.50     2.131E-17
 8617.00     2.100E-17
 8618.50     1.938E-17
 8620.00     1.717E-17
 8621.50     2.109E-17
 8623.00     2.320E-17
 8624.50     2.051E-17
 8626.00     2.067E-17
 8627.50     2.097E-17
 8629.00     2.327E-17
 8630.50     2.157E-17
 8632.00     1.530E-17
 8633.50     1.374E-17
 8635.00     1.729E-17
 8636.50     1.569E-17
 8638.00     1.766E-17
 8639.50     2.416E-17
 8641.00     2.327E-17
 8642.50     2.109E-17
 8644.00     1.940E-17
 8645.50     1.979E-17
 8647.00     1.891E-17
 8648.50     1.833E-17
 8650.00     1.889E-17
 8651.50     1.753E-17
 8653.00     1.827E-17
 8654.50     1.856E-17
 8656.00     1.921E-17
 8657.50     2.076E-17
 8659.00     1.872E-17
 8660.50     2.134E-17
 8662.00     1.958E-17
 8663.50     1.690E-17
 8665.00     1.971E-17
 8666.50     1.859E-17
 8668.00     2.123E-17
 8669.50     2.126E-17
 8671.00     2.087E-17
 8672.50     2.317E-17
 8674.00     2.491E-17
 8675.50     2.359E-17
 8677.00     1.882E-17
 8678.50     1.614E-17
 8680.00     1.930E-17
 8681.50     2.231E-17
 8683.00     2.142E-17
 8684.50     1.987E-17
 8686.00     2.067E-17
 8687.50     1.998E-17
 8689.00     2.013E-17
 8690.50     1.926E-17
 8692.00     1.993E-17
 8693.50     1.929E-17
 8695.00     2.056E-17
 8696.50     2.112E-17
 8698.00     1.732E-17
 8699.50     1.746E-17
 8701.00     1.798E-17
 8702.50     2.047E-17
 8704.00     2.260E-17
 8705.50     2.071E-17
 8707.00     1.958E-17
 8708.50     1.966E-17
 8710.00     2.016E-17
 8711.50     2.162E-17
 8713.00     2.114E-17
 8714.50     2.064E-17
 8716.00     2.135E-17
 8717.50     2.085E-17
 8719.00     2.102E-17
 8720.50     2.108E-17
 8722.00     2.176E-17
 8723.50     2.168E-17
 8725.00     2.159E-17
 8726.50     2.026E-17
 8728.00     1.889E-17
 8729.50     1.987E-17
 8731.00     1.998E-17
 8732.50     2.016E-17
 8734.00     1.986E-17
 8735.50     1.915E-17
 8737.00     2.002E-17
 8738.50     1.955E-17
 8740.00     2.128E-17
 8741.50     2.283E-17
 8743.00     2.023E-17
 8744.50     2.089E-17
 8746.00     2.080E-17
 8747.50     2.045E-17
 8749.00     2.071E-17
 8750.50     1.960E-17
 8752.00     1.891E-17
 8753.50     2.009E-17
 8755.00     1.834E-17
 8756.50     1.930E-17
 8758.00     1.802E-17
 8759.50     1.851E-17
 8761.00     2.171E-17
 8762.50     2.083E-17
 8764.00     2.394E-17
 8765.50     2.678E-17
 8767.00     2.459E-17
 8768.50     2.074E-17
 8770.00     1.872E-17
 8771.50     1.841E-17
 8773.00     1.550E-17
 8774.50     1.883E-17
 8776.00     2.084E-17
 8777.50     2.249E-17
 8779.00     2.264E-17
 8780.50     1.962E-17
 8782.00     1.888E-17
 8783.50     2.305E-17
 8785.00     2.131E-17
 8786.50     2.075E-17
 8788.00     1.933E-17
 8789.50     1.963E-17
 8791.00     2.232E-17
 8792.50     2.244E-17
 8794.00     2.332E-17
 8795.50     2.163E-17
 8797.00     2.019E-17
 8798.50     2.205E-17
 8800.00     2.189E-17
 8801.50     2.151E-17
 8803.00     2.125E-17
 8804.50     2.111E-17
 8806.00     1.996E-17
 8807.50     2.035E-17
 8809.00     2.128E-17
 8810.50     2.034E-17
 8812.00     2.109E-17
 8813.50     2.022E-17
 8815.00     1.988E-17
 8816.50     2.065E-17
 8818.00     2.123E-17
 8819.50     2.054E-17
 8821.00     2.063E-17
 8822.50     2.092E-17
 8824.00     1.964E-17
 8825.50     2.379E-17
 8827.00     2.482E-17
 8828.50     2.149E-17
 8830.00     1.979E-17
 8831.50     2.208E-17
 8833.00     2.314E-17
 8834.50     2.315E-17
 8836.00     2.235E-17
 8837.50     1.889E-17
 8839.00     1.923E-17
 8840.50     2.038E-17
 8842.00     1.931E-17
 8843.50     2.278E-17
 8845.00     2.187E-17
 8846.50     2.145E-17
 8848.00     1.838E-17
 8849.50     1.828E-17
 8851.00     1.904E-17
 8852.50     1.835E-17
 8854.00     2.191E-17
 8855.50     2.217E-17
 8857.00     2.246E-17
 8858.50     2.102E-17
 8860.00     2.019E-17
 8861.50     2.117E-17
 8863.00     2.291E-17
 8864.50     2.204E-17
 8866.00     2.133E-17
 8867.50     2.309E-17
 8869.00     1.923E-17
 8870.50     2.150E-17
 8872.00     2.206E-17
 8873.50     2.284E-17
 8875.00     2.225E-17
 8876.50     2.150E-17
 8878.00     2.219E-17
 8879.50     2.142E-17
 8881.00     2.081E-17
 8882.50     2.113E-17
 8884.00     2.178E-17
 8885.50     1.681E-17
 8887.00     1.948E-17
 8888.50     2.213E-17
 8890.00     1.925E-17
 8891.50     1.933E-17
 8893.00     1.876E-17
 8894.50     2.167E-17
 8896.00     2.206E-17
 8897.50     1.950E-17
 8899.00     1.881E-17
 8900.50     2.235E-17
 8902.00     2.239E-17
 8903.50     2.217E-17
 8905.00     2.279E-17
 8906.50     2.290E-17
 8908.00     2.248E-17
 8909.50     2.309E-17
 8911.00     2.157E-17
 8912.50     2.074E-17
 8914.00     2.088E-17
 8915.50     2.030E-17
 8917.00     1.895E-17
 8918.50     1.761E-17
 8920.00     1.845E-17
 8921.50     2.190E-17
 8923.00     2.901E-17
 8924.50     3.041E-17
 8926.00     2.479E-17
 8927.50     2.054E-17
 8929.00     1.886E-17
 8930.50     1.978E-17
 8932.00     1.854E-17
 8933.50     1.881E-17
 8935.00     1.804E-17
 8936.50     1.783E-17
 8938.00     2.076E-17
 8939.50     2.042E-17
 8941.00     2.036E-17
 8942.50     1.861E-17
 8944.00     1.972E-17
 8945.50     1.956E-17
 8947.00     2.396E-17
 8948.50     2.339E-17
 8950.00     1.983E-17
 8951.50     1.740E-17
 8953.00     1.739E-17
 8954.50     1.905E-17
 8956.00     2.084E-17
 8957.50     2.244E-17
 8959.00     2.079E-17
 8960.50     1.761E-17
 8962.00     1.799E-17
 8963.50     2.239E-17
 8965.00     1.870E-17
 8966.50     1.879E-17
 8968.00     1.872E-17
 8969.50     1.859E-17
 8971.00     1.880E-17
 8972.50     1.969E-17
 8974.00     2.007E-17
 8975.50     1.938E-17
 8977.00     1.933E-17
 8978.50     2.030E-17
 8980.00     1.957E-17
 8981.50     2.077E-17
 8983.00     1.996E-17
 8984.50     1.774E-17
 8986.00     1.650E-17
 8987.50     1.818E-17
 8989.00     1.724E-17
 8990.50     1.538E-17
 8992.00     1.685E-17
 8993.50     1.579E-17
 8995.00     1.639E-17
 8996.50     1.952E-17
 8998.00     1.991E-17
 8999.50     2.154E-17
 9001.00     2.457E-17
 9002.50     2.030E-17
 9004.00     1.629E-17
 9005.50     1.813E-17
 9007.00     1.627E-17
 9008.50     1.644E-17
 9010.00     1.801E-17
 9011.50     1.695E-17
 9013.00     1.793E-17
 9014.50     1.783E-17
 9016.00     1.832E-17
 9017.50     1.804E-17
 9019.00     1.779E-17
 9020.50     1.749E-17
 9022.00     1.946E-17
 9023.50     1.859E-17
 9025.00     1.825E-17
 9026.50     1.823E-17
 9028.00     1.862E-17
 9029.50     1.810E-17
 9031.00     1.634E-17
 9032.50     1.724E-17
 9034.00     1.826E-17
 9035.50     2.188E-17
 9037.00     1.877E-17
 9038.50     1.976E-17
 9040.00     2.083E-17
 9041.50     2.158E-17
 9043.00     1.996E-17
 9044.50     1.848E-17
 9046.00     1.749E-17
 9047.50     1.697E-17
 9049.00     1.942E-17
 9050.50     1.872E-17
 9052.00     1.627E-17
 9053.50     1.809E-17
 9055.00     1.754E-17
 9056.50     1.589E-17
 9058.00     1.650E-17
 9059.50     1.728E-17
 9061.00     1.643E-17
 9062.50     1.613E-17
 9064.00     1.812E-17
 9065.50     1.900E-17
 9067.00     1.932E-17
 9068.50     1.999E-17
 9070.00     1.933E-17
 9071.50     1.793E-17
 9073.00     1.854E-17
 9074.50     1.832E-17
 9076.00     1.825E-17
 9077.50     1.800E-17
 9079.00     1.563E-17
 9080.50     1.686E-17
 9082.00     1.540E-17
 9083.50     1.562E-17
 9085.00     1.621E-17
 9086.50     1.608E-17
 9088.00     1.775E-17
 9089.50     1.807E-17
 9091.00     1.656E-17
 9092.50     1.651E-17
 9094.00     1.712E-17
 9095.50     1.812E-17
 9097.00     1.688E-17
 9098.50     1.787E-17
 9100.00     1.780E-17
 9101.50     1.665E-17
 9103.00     1.770E-17
 9104.50     1.700E-17
 9106.00     1.753E-17
 9107.50     1.535E-17
 9109.00     1.703E-17
 9110.50     1.629E-17
 9112.00     1.582E-17
 9113.50     1.676E-17
 9115.00     1.692E-17
 9116.50     1.611E-17
 9118.00     1.647E-17
 9119.50     1.632E-17
 9121.00     1.635E-17
 9122.50     1.752E-17
 9124.00     1.855E-17
 9125.50     1.695E-17
 9127.00     1.795E-17
 9128.50     1.647E-17
 9130.00     1.604E-17
 9131.50     1.625E-17
 9133.00     1.623E-17
 9134.50     1.603E-17
 9136.00     1.382E-17
 9137.50     1.302E-17
 9139.00     1.328E-17
 9140.50     1.493E-17
 9142.00     1.637E-17
 9143.50     1.715E-17
 9145.00     1.656E-17
 9146.50     1.676E-17
 9148.00     1.829E-17
 9149.50     1.903E-17
 9151.00     1.839E-17
 9152.50     1.790E-17
 9154.00     1.709E-17
 9155.50     1.747E-17
 9157.00     1.572E-17
 9158.50     1.545E-17
 9160.00     1.551E-17
 9161.50     1.924E-17
 9163.00     1.978E-17
 9164.50     1.659E-17
 9166.00     1.795E-17
 9167.50     1.750E-17
 9169.00     1.610E-17
 9170.50     1.681E-17
 9172.00     1.735E-17
 9173.50     1.664E-17
 9175.00     1.776E-17
 9176.50     1.705E-17
 9178.00     1.806E-17
 9179.50     1.856E-17
 9181.00     1.870E-17
 9182.50     1.714E-17
 9184.00     1.735E-17
 9185.50     1.524E-17
 9187.00     1.707E-17
 9188.50     1.710E-17
 9190.00     1.733E-17
 9191.50     1.792E-17
 9193.00     1.921E-17
 9194.50     1.845E-17
 9196.00     1.645E-17
 9197.50     1.658E-17
 9199.00     1.866E-17
 9200.50     1.847E-17
 9202.00     1.877E-17
 9203.50     1.722E-17
 9205.00     1.816E-17
 9206.50     1.771E-17
 9208.00     1.630E-17
 9209.50     1.684E-17
 9211.00     1.744E-17
 9212.50     1.670E-17
 9214.00     1.701E-17
 9215.50     1.644E-17
 9217.00     1.735E-17
 9218.50     1.589E-17
 9220.00     1.611E-17
 9221.50     1.758E-17
 9223.00     1.883E-17
 9224.50     1.786E-17
 9226.00     1.458E-17
 9227.50     1.622E-17
 9229.00     1.730E-17
 9230.50     1.705E-17
 9232.00     1.777E-17
 9233.50     1.832E-17
 9235.00     1.736E-17
 9236.50     1.736E-17
 9238.00     1.820E-17
 9239.50     1.796E-17
 9241.00     1.771E-17
 9242.50     1.808E-17
 9244.00     1.815E-17
 9245.50     1.762E-17
 9247.00     1.694E-17
 9248.50     1.791E-17
 9250.00     1.801E-17
 9251.50     1.734E-17
 9253.00     1.785E-17
 9254.50     1.938E-17
 9256.00     1.847E-17
 9257.50     1.839E-17
 9259.00     1.737E-17
 9260.50     1.645E-17
 9262.00     1.654E-17
 9263.50     1.697E-17
 9265.00     1.534E-17
 9266.50     1.762E-17
 9268.00     1.746E-17
 9269.50     1.656E-17
 9271.00     1.600E-17
 9272.50     1.755E-17
 9274.00     1.805E-17
 9275.50     1.829E-17
 9277.00     1.795E-17
 9278.50     1.664E-17
 9280.00     1.652E-17
 9281.50     1.496E-17
 9283.00     1.504E-17
 9284.50     1.661E-17
 9286.00     1.768E-17
 9287.50     1.707E-17
 9289.00     1.640E-17
 9290.50     1.710E-17
 9292.00     1.666E-17
 9293.50     1.694E-17
 9295.00     1.596E-17
 9296.50     1.567E-17
 9298.00     1.405E-17
 9299.50     1.572E-17
 9301.00     1.598E-17
 9302.50     1.567E-17
 9304.00     1.742E-17
 9305.50     1.938E-17
 9307.00     1.791E-17
 9308.50     1.541E-17
 9310.00     1.656E-17
 9311.50     1.208E-17
 9313.00     1.322E-17
 9314.50     7.615E-18
 9316.00     1.330E-17
 9317.50     1.630E-17
 9319.00     1.155E-17
 9320.50     1.629E-17
 9322.00     1.898E-17
 9323.50     1.964E-17
 9325.00     1.639E-17
 9326.50     1.255E-17
 9328.00     1.359E-17
 9329.50     9.575E-18
 9331.00     1.284E-17
 9332.50     1.185E-17
 9334.00     1.285E-17
 9335.50     1.452E-17
 9337.00     1.104E-17
 9338.50     1.189E-17
 9340.00     9.184E-18
 9341.50     1.069E-17
 9343.00     1.213E-17
 9344.50     1.092E-17
 9346.00     9.498E-18
 9347.50     9.333E-18
 9349.00     1.481E-17
 9350.50     1.933E-17
 9352.00     2.257E-17
 9353.50     1.933E-17
 9355.00     1.432E-17
 9356.50     1.234E-17
 9358.00     1.218E-17
 9359.50     1.443E-17
 9361.00     1.460E-17
 9362.50     1.756E-17
 9364.00     1.703E-17
 9365.50     1.694E-17
 9367.00     1.553E-17
 9368.50     1.460E-17
 9370.00     1.224E-17
 9371.50     1.288E-17
 9373.00     1.314E-17
 9374.50     2.355E-17
 9376.00     2.333E-17
 9377.50     1.517E-17
 9379.00     8.190E-18
 9380.50     1.217E-17
 9382.00     1.752E-17
 9383.50     1.043E-17
 9385.00     7.984E-18
 9386.50     1.167E-17
 9388.00     1.484E-17
 9389.50     1.337E-17
 9391.00     1.348E-17
 9392.50     1.488E-17
 9394.00     1.520E-17
 9395.50     1.439E-17
 9397.00     1.344E-17
 9398.50     1.732E-17
 9400.00     1.719E-17
 9401.50     1.732E-17
 9403.00     1.414E-17
 9404.50     1.537E-17
 9406.00     1.386E-17
 9407.50     1.711E-17
 9409.00     1.953E-17
 9410.50     1.692E-17
 9412.00     1.593E-17
 9413.50     1.579E-17
 9415.00     1.613E-17
 9416.50     1.581E-17
 9418.00     1.198E-17
 9419.50     1.235E-17
 9421.00     1.511E-17
 9422.50     1.324E-17
 9424.00     1.377E-17
 9425.50     1.771E-17
 9427.00     1.646E-17
 9428.50     1.301E-17
 9430.00     1.142E-17
 9431.50     1.072E-17
 9433.00     1.448E-17
 9434.50     1.577E-17
 9436.00     1.695E-17
 9437.50     1.424E-17
 9439.00     1.380E-17
 9440.50     1.300E-17
 9442.00     1.487E-17
 9443.50     8.344E-18
 9445.00     1.035E-17
 9446.50     1.378E-17
 9448.00     1.036E-17
 9449.50     1.112E-17
 9451.00     1.593E-17
 9452.50     1.682E-17
 9454.00     1.439E-17
 9455.50     1.239E-17
 9457.00     1.206E-17
 9458.50     1.342E-17
 9460.00     1.244E-17
 9461.50     2.096E-17
 9463.00     1.751E-17
 9464.50     1.788E-17
 9466.00     1.776E-17
 9467.50     1.588E-17
 9469.00     1.508E-17
 9470.50     1.459E-17
 9472.00     1.106E-17
 9473.50     1.506E-17
 9475.00     1.003E-17
 9476.50     1.233E-17
 9478.00     1.424E-17
 9479.50     8.836E-18
 9481.00     1.129E-17
 9482.50     1.060E-17
 9484.00     1.481E-17
 9485.50     1.588E-17
 9487.00     1.213E-17
 9488.50     1.511E-17
 9490.00     1.523E-17
 9491.50     1.680E-17
 9493.00     1.849E-17
 9494.50     1.526E-17
 9496.00     1.361E-17
 9497.50     9.664E-18
 9499.00     1.199E-17
 9500.50     9.405E-18
 9502.00     1.051E-17
 9503.50     1.154E-17
 9505.00     1.550E-17
 9506.50     1.274E-17
 9508.00     1.697E-17
 9509.50     1.767E-17
 9511.00     1.651E-17
 9512.50     1.590E-17
 9514.00     1.641E-17
 9515.50     1.573E-17
 9517.00     1.302E-17
 9518.50     1.260E-17
 9520.00     1.340E-17
 9521.50     7.966E-18
 9523.00     1.267E-17
 9524.50     1.569E-17
 9526.00     1.593E-17
 9527.50     1.704E-17
 9529.00     1.274E-17
 9530.50     1.408E-17
 9532.00     1.409E-17
 9533.50     1.528E-17
 9535.00     1.787E-17
 9536.50     1.615E-17
 9538.00     1.516E-17
 9539.50     1.458E-17
 9541.00     1.142E-17
 9542.50     1.311E-17
 9544.00     1.474E-17
 9545.50     1.403E-17
 9547.00     1.421E-17
 9548.50     1.718E-17
 9550.00     1.458E-17
 9551.50     1.475E-17
 9553.00     1.822E-17
 9554.50     1.375E-17
 9556.00     1.031E-17
 9557.50     1.318E-17
 9559.00     1.137E-17
 9560.50     1.037E-17
 9562.00     1.635E-17
 9563.50     1.594E-17
 9565.00     1.675E-17
 9566.50     1.781E-17
 9568.00     1.293E-17
 9569.50     1.229E-17
 9571.00     1.502E-17
 9572.50     1.269E-17
 9574.00     1.728E-17
 9575.50     1.915E-17
 9577.00     1.900E-17
 9578.50     1.593E-17
 9580.00     1.181E-17
 9581.50     1.255E-17
 9583.00     1.453E-17
 9584.50     1.300E-17
 9586.00     1.421E-17
 9587.50     1.632E-17
 9589.00     1.688E-17
 9590.50     1.374E-17
 9592.00     1.020E-17
 9593.50     9.042E-18
 9595.00     1.334E-17
 9596.50     1.184E-17
 9598.00     1.375E-17
 9599.50     1.469E-17
