 Airmass = 1.01, R-Band Flux = 4.34E-17                                          
 # start                                                                         
 3400.00     0.000E+00
 3401.50     5.501E-17
 3403.00     6.197E-17
 3404.50     4.760E-17
 3406.00     4.876E-17
 3407.50     3.857E-17
 3409.00     4.932E-17
 3410.50     3.901E-17
 3412.00     3.042E-17
 3413.50     3.115E-17
 3415.00     3.923E-17
 3416.50     4.522E-17
 3418.00     4.755E-17
 3419.50     4.542E-17
 3421.00     4.528E-17
 3422.50     3.801E-17
 3424.00     4.074E-17
 3425.50     4.110E-17
 3427.00     4.964E-17
 3428.50     4.828E-17
 3430.00     4.704E-17
 3431.50     5.123E-17
 3433.00     4.465E-17
 3434.50     5.390E-17
 3436.00     4.264E-17
 3437.50     3.103E-17
 3439.00     3.988E-17
 3440.50     3.502E-17
 3442.00     3.110E-17
 3443.50     3.064E-17
 3445.00     3.873E-17
 3446.50     4.825E-17
 3448.00     4.191E-17
 3449.50     4.222E-17
 3451.00     4.134E-17
 3452.50     4.699E-17
 3454.00     3.999E-17
 3455.50     5.447E-17
 3457.00     5.907E-17
 3458.50     3.762E-17
 3460.00     4.234E-17
 3461.50     4.038E-17
 3463.00     4.697E-17
 3464.50     4.116E-17
 3466.00     3.091E-17
 3467.50     2.897E-17
 3469.00     4.884E-17
 3470.50     3.816E-17
 3472.00     3.616E-17
 3473.50     2.962E-17
 3475.00     2.873E-17
 3476.50     3.106E-17
 3478.00     3.410E-17
 3479.50     4.695E-17
 3481.00     4.383E-17
 3482.50     4.953E-17
 3484.00     4.168E-17
 3485.50     4.569E-17
 3487.00     4.370E-17
 3488.50     4.506E-17
 3490.00     4.755E-17
 3491.50     3.839E-17
 3493.00     3.047E-17
 3494.50     2.168E-17
 3496.00     3.001E-17
 3497.50     2.760E-17
 3499.00     4.209E-17
 3500.50     4.153E-17
 3502.00     4.737E-17
 3503.50     3.898E-17
 3505.00     3.029E-17
 3506.50     2.973E-17
 3508.00     2.073E-17
 3509.50     5.598E-18
 3511.00     5.044E-18
 3512.50     4.452E-18
 3514.00     6.260E-18
 3515.50     2.123E-17
 3517.00     3.835E-17
 3518.50     4.094E-17
 3520.00     3.616E-17
 3521.50     2.893E-17
 3523.00     2.362E-17
 3524.50     1.602E-17
 3526.00     1.354E-17
 3527.50     1.854E-17
 3529.00     1.816E-17
 3530.50     1.050E-17
 3532.00    -9.920E-20
 3533.50    -5.750E-18
 3535.00     3.930E-18
 3536.50    -3.555E-18
 3538.00    -3.890E-18
 3539.50    -8.194E-18
 3541.00    -2.252E-18
 3542.50    -4.513E-18
 3544.00    -1.442E-18
 3545.50     2.528E-18
 3547.00     4.843E-18
 3548.50     3.289E-18
 3550.00     6.857E-19
 3551.50     1.091E-17
 3553.00     1.840E-17
 3554.50     2.058E-17
 3556.00     1.950E-17
 3557.50     2.671E-17
 3559.00     2.121E-17
 3560.50     1.825E-17
 3562.00     1.607E-17
 3563.50     2.542E-17
 3565.00     3.965E-17
 3566.50     4.081E-17
 3568.00     3.316E-17
 3569.50     4.574E-17
 3571.00     3.812E-17
 3572.50     3.600E-17
 3574.00     3.580E-17
 3575.50     3.936E-17
 3577.00     4.259E-17
 3578.50     4.475E-17
 3580.00     4.509E-17
 3581.50     4.370E-17
 3583.00     3.859E-17
 3584.50     2.375E-17
 3586.00     9.506E-18
 3587.50    -2.987E-18
 3589.00     3.577E-18
 3590.50     2.271E-17
 3592.00     4.221E-17
 3593.50     4.739E-17
 3595.00     4.663E-17
 3596.50     3.491E-17
 3598.00     3.308E-17
 3599.50     4.208E-17
 3601.00     5.047E-17
 3602.50     4.495E-17
 3604.00     4.441E-17
 3605.50     5.202E-17
 3607.00     5.073E-17
 3608.50     4.979E-17
 3610.00     5.026E-17
 3611.50     5.067E-17
 3613.00     5.035E-17
 3614.50     5.429E-17
 3616.00     4.991E-17
 3617.50     4.908E-17
 3619.00     4.531E-17
 3620.50     4.756E-17
 3622.00     4.029E-17
 3623.50     4.674E-17
 3625.00     4.725E-17
 3626.50     3.900E-17
 3628.00     3.948E-17
 3629.50     3.707E-17
 3631.00     5.527E-17
 3632.50     5.453E-17
 3634.00     4.837E-17
 3635.50     4.586E-17
 3637.00     5.111E-17
 3638.50     5.452E-17
 3640.00     4.538E-17
 3641.50     3.732E-17
 3643.00     5.207E-17
 3644.50     4.710E-17
 3646.00     3.457E-17
 3647.50     2.482E-17
 3649.00     3.478E-17
 3650.50     4.021E-17
 3652.00     4.306E-17
 3653.50     4.640E-17
 3655.00     5.209E-17
 3656.50     5.607E-17
 3658.00     5.566E-17
 3659.50     5.187E-17
 3661.00     5.097E-17
 3662.50     5.966E-17
 3664.00     6.224E-17
 3665.50     5.409E-17
 3667.00     4.290E-17
 3668.50     3.361E-17
 3670.00     2.660E-17
 3671.50     3.288E-17
 3673.00     5.141E-17
 3674.50     6.051E-17
 3676.00     6.704E-17
 3677.50     6.749E-17
 3679.00     6.193E-17
 3680.50     6.543E-17
 3682.00     6.158E-17
 3683.50     6.482E-17
 3685.00     6.147E-17
 3686.50     5.874E-17
 3688.00     5.766E-17
 3689.50     5.235E-17
 3691.00     5.008E-17
 3692.50     5.928E-17
 3694.00     6.696E-17
 3695.50     7.198E-17
 3697.00     7.331E-17
 3698.50     6.548E-17
 3700.00     6.104E-17
 3701.50     6.426E-17
 3703.00     5.937E-17
 3704.50     6.597E-17
 3706.00     6.278E-17
 3707.50     7.203E-17
 3709.00     7.378E-17
 3710.50     7.275E-17
 3712.00     6.856E-17
 3713.50     6.681E-17
 3715.00     6.945E-17
 3716.50     7.238E-17
 3718.00     7.432E-17
 3719.50     7.032E-17
 3721.00     6.222E-17
 3722.50     6.825E-17
 3724.00     7.654E-17
 3725.50     8.459E-17
 3727.00     9.346E-17
 3728.50     9.403E-17
 3730.00     9.138E-17
 3731.50     9.259E-17
 3733.00     9.615E-17
 3734.50     8.333E-17
 3736.00     7.104E-17
 3737.50     6.058E-17
 3739.00     6.440E-17
 3740.50     7.789E-17
 3742.00     9.104E-17
 3743.50     1.075E-16
 3745.00     1.077E-16
 3746.50     1.164E-16
 3748.00     1.171E-16
 3749.50     1.167E-16
 3751.00     1.091E-16
 3752.50     1.151E-16
 3754.00     1.020E-16
 3755.50     8.754E-17
 3757.00     8.388E-17
 3758.50     1.019E-16
 3760.00     1.179E-16
 3761.50     1.094E-16
 3763.00     8.425E-17
 3764.50     4.808E-17
 3766.00     5.541E-17
 3767.50     9.626E-17
 3769.00     1.345E-16
 3770.50     1.519E-16
 3772.00     1.662E-16
 3773.50     1.656E-16
 3775.00     1.771E-16
 3776.50     1.805E-16
 3778.00     1.850E-16
 3779.50     1.677E-16
 3781.00     1.314E-16
 3782.50     9.529E-17
 3784.00     1.101E-16
 3785.50     1.512E-16
 3787.00     1.805E-16
 3788.50     1.866E-16
 3790.00     1.491E-16
 3791.50     8.793E-17
 3793.00     4.153E-17
 3794.50     4.754E-17
 3796.00     6.931E-17
 3797.50     8.357E-17
 3799.00     9.433E-17
 3800.50     1.144E-16
 3802.00     1.425E-16
 3803.50     1.397E-16
 3805.00     1.337E-16
 3806.50     1.330E-16
 3808.00     1.268E-16
 3809.50     1.296E-16
 3811.00     1.244E-16
 3812.50     1.219E-16
 3814.00     1.230E-16
 3815.50     1.169E-16
 3817.00     1.097E-16
 3818.50     1.055E-16
 3820.00     1.047E-16
 3821.50     1.050E-16
 3823.00     1.036E-16
 3824.50     1.057E-16
 3826.00     1.001E-16
 3827.50     9.712E-17
 3829.00     9.662E-17
 3830.50     9.500E-17
 3832.00     9.650E-17
 3833.50     8.797E-17
 3835.00     8.422E-17
 3836.50     8.780E-17
 3838.00     8.911E-17
 3839.50     8.982E-17
 3841.00     9.148E-17
 3842.50     9.442E-17
 3844.00     9.296E-17
 3845.50     9.180E-17
 3847.00     9.761E-17
 3848.50     9.471E-17
 3850.00     9.202E-17
 3851.50     8.649E-17
 3853.00     7.568E-17
 3854.50     6.847E-17
 3856.00     7.620E-17
 3857.50     9.167E-17
 3859.00     9.643E-17
 3860.50     9.855E-17
 3862.00     1.014E-16
 3863.50     9.725E-17
 3865.00     8.893E-17
 3866.50     7.692E-17
 3868.00     7.363E-17
 3869.50     8.857E-17
 3871.00     9.394E-17
 3872.50     9.300E-17
 3874.00     9.250E-17
 3875.50     9.650E-17
 3877.00     9.272E-17
 3878.50     8.804E-17
 3880.00     8.309E-17
 3881.50     7.752E-17
 3883.00     6.573E-17
 3884.50     4.950E-17
 3886.00     3.414E-17
 3887.50     4.039E-17
 3889.00     6.343E-17
 3890.50     7.877E-17
 3892.00     7.164E-17
 3893.50     8.089E-17
 3895.00     8.748E-17
 3896.50     7.504E-17
 3898.00     7.538E-17
 3899.50     7.317E-17
 3901.00     7.212E-17
 3902.50     7.142E-17
 3904.00     7.075E-17
 3905.50     7.112E-17
 3907.00     7.999E-17
 3908.50     7.872E-17
 3910.00     6.927E-17
 3911.50     7.234E-17
 3913.00     7.400E-17
 3914.50     7.098E-17
 3916.00     6.834E-17
 3917.50     6.981E-17
 3919.00     7.147E-17
 3920.50     6.650E-17
 3922.00     6.512E-17
 3923.50     6.928E-17
 3925.00     6.482E-17
 3926.50     6.792E-17
 3928.00     6.673E-17
 3929.50     6.420E-17
 3931.00     6.568E-17
 3932.50     6.943E-17
 3934.00     6.384E-17
 3935.50     6.058E-17
 3937.00     5.864E-17
 3938.50     5.563E-17
 3940.00     5.178E-17
 3941.50     5.764E-17
 3943.00     5.812E-17
 3944.50     5.713E-17
 3946.00     5.983E-17
 3947.50     6.057E-17
 3949.00     6.061E-17
 3950.50     6.006E-17
 3952.00     6.234E-17
 3953.50     6.078E-17
 3955.00     6.086E-17
 3956.50     6.294E-17
 3958.00     6.462E-17
 3959.50     6.397E-17
 3961.00     6.413E-17
 3962.50     6.338E-17
 3964.00     5.916E-17
 3965.50     5.966E-17
 3967.00     6.119E-17
 3968.50     6.286E-17
 3970.00     5.831E-17
 3971.50     5.801E-17
 3973.00     5.782E-17
 3974.50     5.565E-17
 3976.00     5.583E-17
 3977.50     5.994E-17
 3979.00     5.838E-17
 3980.50     5.741E-17
 3982.00     5.419E-17
 3983.50     5.397E-17
 3985.00     5.732E-17
 3986.50     5.764E-17
 3988.00     5.554E-17
 3989.50     5.265E-17
 3991.00     5.326E-17
 3992.50     5.901E-17
 3994.00     6.416E-17
 3995.50     5.993E-17
 3997.00     6.113E-17
 3998.50     5.771E-17
 4000.00     6.086E-17
 4001.50     5.936E-17
 4003.00     5.508E-17
 4004.50     5.410E-17
 4006.00     5.488E-17
 4007.50     5.517E-17
 4009.00     5.999E-17
 4010.50     5.583E-17
 4012.00     5.634E-17
 4013.50     6.211E-17
 4015.00     5.843E-17
 4016.50     5.825E-17
 4018.00     5.740E-17
 4019.50     5.762E-17
 4021.00     5.600E-17
 4022.50     4.926E-17
 4024.00     5.027E-17
 4025.50     5.854E-17
 4027.00     5.511E-17
 4028.50     5.184E-17
 4030.00     5.632E-17
 4031.50     5.669E-17
 4033.00     6.034E-17
 4034.50     6.025E-17
 4036.00     5.982E-17
 4037.50     6.031E-17
 4039.00     5.956E-17
 4040.50     5.415E-17
 4042.00     5.804E-17
 4043.50     5.544E-17
 4045.00     5.649E-17
 4046.50     5.671E-17
 4048.00     5.630E-17
 4049.50     5.957E-17
 4051.00     6.061E-17
 4052.50     6.044E-17
 4054.00     5.581E-17
 4055.50     5.402E-17
 4057.00     4.270E-17
 4058.50     3.919E-17
 4060.00     4.462E-17
 4061.50     5.359E-17
 4063.00     6.149E-17
 4064.50     6.063E-17
 4066.00     6.032E-17
 4067.50     5.689E-17
 4069.00     5.989E-17
 4070.50     5.962E-17
 4072.00     5.788E-17
 4073.50     5.928E-17
 4075.00     5.913E-17
 4076.50     6.145E-17
 4078.00     5.965E-17
 4079.50     5.841E-17
 4081.00     6.142E-17
 4082.50     5.184E-17
 4084.00     4.454E-17
 4085.50     4.721E-17
 4087.00     5.160E-17
 4088.50     5.710E-17
 4090.00     6.035E-17
 4091.50     6.255E-17
 4093.00     6.107E-17
 4094.50     6.062E-17
 4096.00     6.020E-17
 4097.50     5.978E-17
 4099.00     6.019E-17
 4100.50     5.530E-17
 4102.00     5.722E-17
 4103.50     5.881E-17
 4105.00     5.658E-17
 4106.50     5.952E-17
 4108.00     5.747E-17
 4109.50     5.599E-17
 4111.00     5.584E-17
 4112.50     5.257E-17
 4114.00     4.949E-17
 4115.50     4.925E-17
 4117.00     5.631E-17
 4118.50     5.736E-17
 4120.00     5.639E-17
 4121.50     5.912E-17
 4123.00     5.717E-17
 4124.50     5.732E-17
 4126.00     5.702E-17
 4127.50     5.705E-17
 4129.00     5.888E-17
 4130.50     6.085E-17
 4132.00     5.566E-17
 4133.50     5.851E-17
 4135.00     5.705E-17
 4136.50     6.045E-17
 4138.00     5.904E-17
 4139.50     5.523E-17
 4141.00     5.438E-17
 4142.50     5.283E-17
 4144.00     5.644E-17
 4145.50     6.203E-17
 4147.00     5.983E-17
 4148.50     5.916E-17
 4150.00     6.046E-17
 4151.50     5.940E-17
 4153.00     5.920E-17
 4154.50     5.844E-17
 4156.00     5.988E-17
 4157.50     5.986E-17
 4159.00     5.976E-17
 4160.50     5.833E-17
 4162.00     6.062E-17
 4163.50     6.445E-17
 4165.00     5.951E-17
 4166.50     5.977E-17
 4168.00     6.181E-17
 4169.50     5.761E-17
 4171.00     5.858E-17
 4172.50     6.074E-17
 4174.00     5.971E-17
 4175.50     5.747E-17
 4177.00     5.838E-17
 4178.50     5.975E-17
 4180.00     5.898E-17
 4181.50     5.613E-17
 4183.00     5.555E-17
 4184.50     5.836E-17
 4186.00     5.865E-17
 4187.50     5.710E-17
 4189.00     5.595E-17
 4190.50     5.549E-17
 4192.00     6.051E-17
 4193.50     5.724E-17
 4195.00     5.857E-17
 4196.50     5.887E-17
 4198.00     5.543E-17
 4199.50     5.141E-17
 4201.00     4.717E-17
 4202.50     5.037E-17
 4204.00     5.679E-17
 4205.50     5.894E-17
 4207.00     5.467E-17
 4208.50     5.417E-17
 4210.00     5.467E-17
 4211.50     5.746E-17
 4213.00     5.482E-17
 4214.50     5.601E-17
 4216.00     5.614E-17
 4217.50     5.628E-17
 4219.00     5.162E-17
 4220.50     5.383E-17
 4222.00     5.451E-17
 4223.50     5.701E-17
 4225.00     5.106E-17
 4226.50     5.368E-17
 4228.00     5.501E-17
 4229.50     5.476E-17
 4231.00     5.276E-17
 4232.50     5.419E-17
 4234.00     5.130E-17
 4235.50     5.295E-17
 4237.00     5.278E-17
 4238.50     5.347E-17
 4240.00     5.709E-17
 4241.50     5.530E-17
 4243.00     5.427E-17
 4244.50     5.723E-17
 4246.00     5.287E-17
 4247.50     5.447E-17
 4249.00     5.762E-17
 4250.50     5.560E-17
 4252.00     5.598E-17
 4253.50     5.440E-17
 4255.00     5.542E-17
 4256.50     5.215E-17
 4258.00     5.864E-17
 4259.50     5.824E-17
 4261.00     6.066E-17
 4262.50     5.703E-17
 4264.00     5.213E-17
 4265.50     5.488E-17
 4267.00     5.800E-17
 4268.50     5.524E-17
 4270.00     5.320E-17
 4271.50     5.495E-17
 4273.00     5.709E-17
 4274.50     5.427E-17
 4276.00     5.775E-17
 4277.50     5.614E-17
 4279.00     5.689E-17
 4280.50     5.821E-17
 4282.00     5.933E-17
 4283.50     5.614E-17
 4285.00     5.451E-17
 4286.50     5.716E-17
 4288.00     5.548E-17
 4289.50     5.902E-17
 4291.00     5.423E-17
 4292.50     5.786E-17
 4294.00     5.808E-17
 4295.50     5.693E-17
 4297.00     5.978E-17
 4298.50     6.023E-17
 4300.00     5.683E-17
 4301.50     5.693E-17
 4303.00     5.650E-17
 4304.50     5.950E-17
 4306.00     6.175E-17
 4307.50     5.568E-17
 4309.00     5.651E-17
 4310.50     6.314E-17
 4312.00     6.223E-17
 4313.50     5.699E-17
 4315.00     5.956E-17
 4316.50     6.037E-17
 4318.00     5.977E-17
 4319.50     6.024E-17
 4321.00     6.031E-17
 4322.50     6.158E-17
 4324.00     6.133E-17
 4325.50     6.129E-17
 4327.00     6.464E-17
 4328.50     6.429E-17
 4330.00     6.566E-17
 4331.50     6.718E-17
 4333.00     6.520E-17
 4334.50     6.294E-17
 4336.00     5.847E-17
 4337.50     5.996E-17
 4339.00     6.658E-17
 4340.50     6.465E-17
 4342.00     6.559E-17
 4343.50     6.591E-17
 4345.00     6.812E-17
 4346.50     6.514E-17
 4348.00     6.238E-17
 4349.50     6.531E-17
 4351.00     6.303E-17
 4352.50     6.530E-17
 4354.00     6.419E-17
 4355.50     6.512E-17
 4357.00     6.282E-17
 4358.50     6.447E-17
 4360.00     6.715E-17
 4361.50     6.776E-17
 4363.00     6.411E-17
 4364.50     6.026E-17
 4366.00     6.218E-17
 4367.50     6.077E-17
 4369.00     6.371E-17
 4370.50     6.535E-17
 4372.00     6.657E-17
 4373.50     6.518E-17
 4375.00     6.361E-17
 4376.50     6.477E-17
 4378.00     6.138E-17
 4379.50     6.128E-17
 4381.00     5.981E-17
 4382.50     5.948E-17
 4384.00     5.935E-17
 4385.50     6.039E-17
 4387.00     5.987E-17
 4388.50     6.356E-17
 4390.00     6.314E-17
 4391.50     5.787E-17
 4393.00     5.683E-17
 4394.50     5.700E-17
 4396.00     5.742E-17
 4397.50     5.670E-17
 4399.00     5.827E-17
 4400.50     5.688E-17
 4402.00     5.729E-17
 4403.50     5.514E-17
 4405.00     5.660E-17
 4406.50     5.791E-17
 4408.00     5.585E-17
 4409.50     5.694E-17
 4411.00     5.316E-17
 4412.50     5.416E-17
 4414.00     5.394E-17
 4415.50     5.037E-17
 4417.00     4.922E-17
 4418.50     5.148E-17
 4420.00     5.128E-17
 4421.50     5.239E-17
 4423.00     5.334E-17
 4424.50     5.436E-17
 4426.00     5.432E-17
 4427.50     5.697E-17
 4429.00     5.193E-17
 4430.50     5.317E-17
 4432.00     5.210E-17
 4433.50     5.178E-17
 4435.00     5.377E-17
 4436.50     5.106E-17
 4438.00     5.062E-17
 4439.50     4.893E-17
 4441.00     5.003E-17
 4442.50     4.554E-17
 4444.00     3.624E-17
 4445.50     2.714E-17
 4447.00     3.161E-17
 4448.50     4.123E-17
 4450.00     4.905E-17
 4451.50     4.854E-17
 4453.00     4.889E-17
 4454.50     4.993E-17
 4456.00     4.855E-17
 4457.50     4.976E-17
 4459.00     4.869E-17
 4460.50     5.130E-17
 4462.00     5.246E-17
 4463.50     5.074E-17
 4465.00     4.882E-17
 4466.50     5.277E-17
 4468.00     5.015E-17
 4469.50     4.523E-17
 4471.00     5.096E-17
 4472.50     5.166E-17
 4474.00     5.149E-17
 4475.50     4.933E-17
 4477.00     4.871E-17
 4478.50     5.035E-17
 4480.00     5.078E-17
 4481.50     5.121E-17
 4483.00     5.083E-17
 4484.50     5.267E-17
 4486.00     5.051E-17
 4487.50     4.976E-17
 4489.00     4.987E-17
 4490.50     4.751E-17
 4492.00     4.868E-17
 4493.50     4.814E-17
 4495.00     4.770E-17
 4496.50     4.517E-17
 4498.00     4.968E-17
 4499.50     4.779E-17
 4501.00     4.937E-17
 4502.50     4.990E-17
 4504.00     4.682E-17
 4505.50     4.008E-17
 4507.00     2.606E-17
 4508.50     2.047E-17
 4510.00     2.943E-17
 4511.50     4.243E-17
 4513.00     4.379E-17
 4514.50     3.082E-17
 4516.00     2.653E-17
 4517.50     3.254E-17
 4519.00     4.362E-17
 4520.50     4.957E-17
 4522.00     4.877E-17
 4523.50     4.746E-17
 4525.00     4.729E-17
 4526.50     4.794E-17
 4528.00     4.844E-17
 4529.50     4.844E-17
 4531.00     4.710E-17
 4532.50     4.586E-17
 4534.00     4.942E-17
 4535.50     4.802E-17
 4537.00     4.927E-17
 4538.50     5.236E-17
 4540.00     4.857E-17
 4541.50     5.221E-17
 4543.00     4.979E-17
 4544.50     4.829E-17
 4546.00     4.900E-17
 4547.50     4.640E-17
 4549.00     4.798E-17
 4550.50     4.893E-17
 4552.00     5.070E-17
 4553.50     4.842E-17
 4555.00     5.060E-17
 4556.50     4.835E-17
 4558.00     4.745E-17
 4559.50     4.761E-17
 4561.00     4.681E-17
 4562.50     5.005E-17
 4564.00     4.795E-17
 4565.50     4.817E-17
 4567.00     4.362E-17
 4568.50     3.800E-17
 4570.00     3.471E-17
 4571.50     3.711E-17
 4573.00     4.746E-17
 4574.50     4.580E-17
 4576.00     3.925E-17
 4577.50     3.738E-17
 4579.00     4.229E-17
 4580.50     4.807E-17
 4582.00     5.201E-17
 4583.50     5.174E-17
 4585.00     5.057E-17
 4586.50     4.964E-17
 4588.00     4.931E-17
 4589.50     5.068E-17
 4591.00     5.046E-17
 4592.50     4.893E-17
 4594.00     4.794E-17
 4595.50     5.022E-17
 4597.00     5.202E-17
 4598.50     5.012E-17
 4600.00     4.912E-17
 4601.50     4.497E-17
 4603.00     4.638E-17
 4604.50     4.766E-17
 4606.00     5.007E-17
 4607.50     5.104E-17
 4609.00     5.079E-17
 4610.50     5.174E-17
 4612.00     5.198E-17
 4613.50     4.910E-17
 4615.00     4.532E-17
 4616.50     4.789E-17
 4618.00     5.285E-17
 4619.50     5.286E-17
 4621.00     4.746E-17
 4622.50     4.975E-17
 4624.00     5.172E-17
 4625.50     4.726E-17
 4627.00     4.948E-17
 4628.50     5.443E-17
 4630.00     4.980E-17
 4631.50     4.989E-17
 4633.00     5.190E-17
 4634.50     4.936E-17
 4636.00     4.538E-17
 4637.50     4.801E-17
 4639.00     5.135E-17
 4640.50     4.947E-17
 4642.00     5.114E-17
 4643.50     4.775E-17
 4645.00     4.759E-17
 4646.50     4.784E-17
 4648.00     4.845E-17
 4649.50     4.933E-17
 4651.00     5.369E-17
 4652.50     5.048E-17
 4654.00     5.027E-17
 4655.50     4.797E-17
 4657.00     5.047E-17
 4658.50     4.759E-17
 4660.00     5.086E-17
 4661.50     5.262E-17
 4663.00     5.049E-17
 4664.50     4.711E-17
 4666.00     4.900E-17
 4667.50     4.916E-17
 4669.00     4.874E-17
 4670.50     4.788E-17
 4672.00     5.015E-17
 4673.50     5.023E-17
 4675.00     5.042E-17
 4676.50     5.097E-17
 4678.00     4.998E-17
 4679.50     5.064E-17
 4681.00     4.865E-17
 4682.50     3.870E-17
 4684.00     3.252E-17
 4685.50     3.806E-17
 4687.00     5.179E-17
 4688.50     5.314E-17
 4690.00     4.978E-17
 4691.50     5.029E-17
 4693.00     5.173E-17
 4694.50     5.177E-17
 4696.00     5.417E-17
 4697.50     5.071E-17
 4699.00     4.883E-17
 4700.50     4.913E-17
 4702.00     5.122E-17
 4703.50     5.056E-17
 4705.00     4.877E-17
 4706.50     4.635E-17
 4708.00     4.982E-17
 4709.50     5.092E-17
 4711.00     5.151E-17
 4712.50     5.320E-17
 4714.00     5.088E-17
 4715.50     4.907E-17
 4717.00     5.038E-17
 4718.50     4.944E-17
 4720.00     5.279E-17
 4721.50     5.360E-17
 4723.00     5.568E-17
 4724.50     5.370E-17
 4726.00     4.961E-17
 4727.50     5.240E-17
 4729.00     5.351E-17
 4730.50     5.194E-17
 4732.00     5.237E-17
 4733.50     5.161E-17
 4735.00     5.124E-17
 4736.50     5.458E-17
 4738.00     5.420E-17
 4739.50     5.430E-17
 4741.00     5.600E-17
 4742.50     5.380E-17
 4744.00     5.127E-17
 4745.50     5.512E-17
 4747.00     5.605E-17
 4748.50     5.686E-17
 4750.00     5.897E-17
 4751.50     6.074E-17
 4753.00     5.869E-17
 4754.50     5.605E-17
 4756.00     5.516E-17
 4757.50     5.683E-17
 4759.00     5.851E-17
 4760.50     5.884E-17
 4762.00     6.078E-17
 4763.50     5.911E-17
 4765.00     5.897E-17
 4766.50     5.626E-17
 4768.00     5.650E-17
 4769.50     6.134E-17
 4771.00     5.976E-17
 4772.50     6.020E-17
 4774.00     5.978E-17
 4775.50     6.301E-17
 4777.00     6.309E-17
 4778.50     6.176E-17
 4780.00     6.261E-17
 4781.50     6.312E-17
 4783.00     6.368E-17
 4784.50     6.129E-17
 4786.00     6.302E-17
 4787.50     6.442E-17
 4789.00     6.519E-17
 4790.50     6.575E-17
 4792.00     6.396E-17
 4793.50     6.319E-17
 4795.00     6.401E-17
 4796.50     6.686E-17
 4798.00     6.844E-17
 4799.50     6.980E-17
 4801.00     6.902E-17
 4802.50     7.047E-17
 4804.00     7.186E-17
 4805.50     7.520E-17
 4807.00     7.379E-17
 4808.50     7.726E-17
 4810.00     7.542E-17
 4811.50     7.936E-17
 4813.00     8.024E-17
 4814.50     6.556E-17
 4816.00     5.091E-17
 4817.50     4.431E-17
 4819.00     6.029E-17
 4820.50     7.309E-17
 4822.00     7.142E-17
 4823.50     5.754E-17
 4825.00     4.772E-17
 4826.50     6.013E-17
 4828.00     8.049E-17
 4829.50     8.294E-17
 4831.00     8.123E-17
 4832.50     7.870E-17
 4834.00     7.945E-17
 4835.50     7.828E-17
 4837.00     7.677E-17
 4838.50     7.444E-17
 4840.00     7.420E-17
 4841.50     7.164E-17
 4843.00     6.905E-17
 4844.50     6.483E-17
 4846.00     6.842E-17
 4847.50     6.876E-17
 4849.00     6.818E-17
 4850.50     6.578E-17
 4852.00     6.808E-17
 4853.50     6.784E-17
 4855.00     6.421E-17
 4856.50     6.367E-17
 4858.00     6.456E-17
 4859.50     6.419E-17
 4861.00     6.422E-17
 4862.50     5.724E-17
 4864.00     4.143E-17
 4865.50     3.253E-17
 4867.00     4.194E-17
 4868.50     5.573E-17
 4870.00     6.073E-17
 4871.50     5.821E-17
 4873.00     6.007E-17
 4874.50     5.711E-17
 4876.00     5.809E-17
 4877.50     5.936E-17
 4879.00     5.463E-17
 4880.50     5.311E-17
 4882.00     5.271E-17
 4883.50     4.963E-17
 4885.00     5.208E-17
 4886.50     5.237E-17
 4888.00     5.496E-17
 4889.50     5.324E-17
 4891.00     5.084E-17
 4892.50     5.097E-17
 4894.00     4.923E-17
 4895.50     5.058E-17
 4897.00     5.134E-17
 4898.50     5.382E-17
 4900.00     5.129E-17
 4901.50     5.471E-17
 4903.00     5.371E-17
 4904.50     4.953E-17
 4906.00     5.012E-17
 4907.50     5.310E-17
 4909.00     5.201E-17
 4910.50     5.215E-17
 4912.00     5.017E-17
 4913.50     5.017E-17
 4915.00     5.021E-17
 4916.50     5.128E-17
 4918.00     4.982E-17
 4919.50     5.178E-17
 4921.00     5.654E-17
 4922.50     5.214E-17
 4924.00     5.299E-17
 4925.50     5.303E-17
 4927.00     5.100E-17
 4928.50     5.226E-17
 4930.00     4.963E-17
 4931.50     4.862E-17
 4933.00     5.011E-17
 4934.50     4.746E-17
 4936.00     4.616E-17
 4937.50     4.720E-17
 4939.00     4.740E-17
 4940.50     4.787E-17
 4942.00     4.552E-17
 4943.50     4.693E-17
 4945.00     4.481E-17
 4946.50     4.616E-17
 4948.00     4.743E-17
 4949.50     4.641E-17
 4951.00     4.763E-17
 4952.50     4.717E-17
 4954.00     4.761E-17
 4955.50     4.504E-17
 4957.00     4.728E-17
 4958.50     4.658E-17
 4960.00     4.434E-17
 4961.50     4.642E-17
 4963.00     4.488E-17
 4964.50     4.900E-17
 4966.00     4.812E-17
 4967.50     4.892E-17
 4969.00     4.666E-17
 4970.50     4.865E-17
 4972.00     4.915E-17
 4973.50     4.925E-17
 4975.00     4.801E-17
 4976.50     4.681E-17
 4978.00     4.574E-17
 4979.50     4.581E-17
 4981.00     4.509E-17
 4982.50     4.799E-17
 4984.00     4.710E-17
 4985.50     4.717E-17
 4987.00     4.758E-17
 4988.50     4.508E-17
 4990.00     4.817E-17
 4991.50     4.548E-17
 4993.00     4.771E-17
 4994.50     4.924E-17
 4996.00     4.829E-17
 4997.50     4.796E-17
 4999.00     4.935E-17
 5000.50     4.902E-17
 5002.00     4.686E-17
 5003.50     4.734E-17
 5005.00     4.768E-17
 5006.50     4.727E-17
 5008.00     4.726E-17
 5009.50     5.053E-17
 5011.00     5.076E-17
 5012.50     5.207E-17
 5014.00     4.864E-17
 5015.50     4.358E-17
 5017.00     4.765E-17
 5018.50     4.899E-17
 5020.00     5.031E-17
 5021.50     4.936E-17
 5023.00     4.703E-17
 5024.50     4.748E-17
 5026.00     4.788E-17
 5027.50     4.732E-17
 5029.00     4.442E-17
 5030.50     4.472E-17
 5032.00     4.879E-17
 5033.50     4.722E-17
 5035.00     4.686E-17
 5036.50     4.531E-17
 5038.00     4.573E-17
 5039.50     4.419E-17
 5041.00     4.726E-17
 5042.50     4.954E-17
 5044.00     4.776E-17
 5045.50     4.549E-17
 5047.00     4.651E-17
 5048.50     4.618E-17
 5050.00     4.934E-17
 5051.50     4.678E-17
 5053.00     4.683E-17
 5054.50     4.712E-17
 5056.00     4.681E-17
 5057.50     4.626E-17
 5059.00     4.785E-17
 5060.50     4.804E-17
 5062.00     4.770E-17
 5063.50     4.817E-17
 5065.00     4.606E-17
 5066.50     4.821E-17
 5068.00     4.592E-17
 5069.50     4.635E-17
 5071.00     4.387E-17
 5072.50     4.556E-17
 5074.00     4.575E-17
 5075.50     4.444E-17
 5077.00     4.885E-17
 5078.50     4.685E-17
 5080.00     4.803E-17
 5081.50     4.824E-17
 5083.00     4.676E-17
 5084.50     4.742E-17
 5086.00     4.966E-17
 5087.50     5.155E-17
 5089.00     4.829E-17
 5090.50     5.030E-17
 5092.00     4.820E-17
 5093.50     4.760E-17
 5095.00     4.925E-17
 5096.50     5.183E-17
 5098.00     5.030E-17
 5099.50     4.955E-17
 5101.00     4.819E-17
 5102.50     4.764E-17
 5104.00     4.866E-17
 5105.50     4.854E-17
 5107.00     4.867E-17
 5108.50     4.741E-17
 5110.00     5.114E-17
 5111.50     5.378E-17
 5113.00     5.174E-17
 5114.50     4.859E-17
 5116.00     4.826E-17
 5117.50     5.006E-17
 5119.00     5.007E-17
 5120.50     5.026E-17
 5122.00     4.824E-17
 5123.50     5.351E-17
 5125.00     5.072E-17
 5126.50     5.018E-17
 5128.00     4.730E-17
 5129.50     4.904E-17
 5131.00     4.604E-17
 5132.50     4.610E-17
 5134.00     4.742E-17
 5135.50     5.077E-17
 5137.00     4.778E-17
 5138.50     4.871E-17
 5140.00     4.845E-17
 5141.50     4.688E-17
 5143.00     4.826E-17
 5144.50     4.813E-17
 5146.00     4.700E-17
 5147.50     4.857E-17
 5149.00     4.930E-17
 5150.50     4.654E-17
 5152.00     4.692E-17
 5153.50     4.550E-17
 5155.00     4.496E-17
 5156.50     4.510E-17
 5158.00     4.416E-17
 5159.50     4.937E-17
 5161.00     4.914E-17
 5162.50     4.541E-17
 5164.00     4.610E-17
 5165.50     4.607E-17
 5167.00     4.857E-17
 5168.50     4.610E-17
 5170.00     4.547E-17
 5171.50     4.944E-17
 5173.00     4.737E-17
 5174.50     4.348E-17
 5176.00     4.578E-17
 5177.50     4.694E-17
 5179.00     4.614E-17
 5180.50     4.674E-17
 5182.00     4.773E-17
 5183.50     4.958E-17
 5185.00     4.852E-17
 5186.50     4.742E-17
 5188.00     4.484E-17
 5189.50     4.909E-17
 5191.00     4.402E-17
 5192.50     4.549E-17
 5194.00     4.656E-17
 5195.50     4.596E-17
 5197.00     4.711E-17
 5198.50     4.905E-17
 5200.00     4.694E-17
 5201.50     4.631E-17
 5203.00     4.330E-17
 5204.50     4.435E-17
 5206.00     4.606E-17
 5207.50     4.342E-17
 5209.00     4.453E-17
 5210.50     4.482E-17
 5212.00     4.543E-17
 5213.50     4.580E-17
 5215.00     4.592E-17
 5216.50     4.511E-17
 5218.00     4.775E-17
 5219.50     4.624E-17
 5221.00     4.528E-17
 5222.50     4.359E-17
 5224.00     4.518E-17
 5225.50     4.254E-17
 5227.00     4.556E-17
 5228.50     4.460E-17
 5230.00     4.468E-17
 5231.50     4.385E-17
 5233.00     4.520E-17
 5234.50     4.209E-17
 5236.00     4.254E-17
 5237.50     4.738E-17
 5239.00     4.483E-17
 5240.50     4.492E-17
 5242.00     4.237E-17
 5243.50     4.302E-17
 5245.00     4.305E-17
 5246.50     4.681E-17
 5248.00     4.611E-17
 5249.50     4.519E-17
 5251.00     4.600E-17
 5252.50     4.594E-17
 5254.00     4.490E-17
 5255.50     4.318E-17
 5257.00     4.239E-17
 5258.50     4.584E-17
 5260.00     4.598E-17
 5261.50     4.178E-17
 5263.00     3.995E-17
 5264.50     3.853E-17
 5266.00     3.889E-17
 5267.50     4.291E-17
 5269.00     4.227E-17
 5270.50     4.350E-17
 5272.00     4.325E-17
 5273.50     4.606E-17
 5275.00     4.401E-17
 5276.50     4.454E-17
 5278.00     4.293E-17
 5279.50     3.648E-17
 5281.00     3.790E-17
 5282.50     4.385E-17
 5284.00     4.350E-17
 5285.50     4.625E-17
 5287.00     4.257E-17
 5288.50     4.366E-17
 5290.00     3.988E-17
 5291.50     4.148E-17
 5293.00     4.391E-17
 5294.50     4.275E-17
 5296.00     4.357E-17
 5297.50     4.345E-17
 5299.00     4.337E-17
 5300.50     4.178E-17
 5302.00     4.464E-17
 5303.50     4.406E-17
 5305.00     4.391E-17
 5306.50     4.433E-17
 5308.00     4.558E-17
 5309.50     4.283E-17
 5311.00     4.458E-17
 5312.50     4.368E-17
 5314.00     4.544E-17
 5315.50     4.394E-17
 5317.00     4.296E-17
 5318.50     4.502E-17
 5320.00     4.392E-17
 5321.50     4.582E-17
 5323.00     4.657E-17
 5324.50     4.367E-17
 5326.00     4.385E-17
 5327.50     4.694E-17
 5329.00     4.075E-17
 5330.50     4.331E-17
 5332.00     4.428E-17
 5333.50     4.482E-17
 5335.00     4.360E-17
 5336.50     4.408E-17
 5338.00     4.787E-17
 5339.50     5.007E-17
 5341.00     4.459E-17
 5342.50     4.556E-17
 5344.00     4.498E-17
 5345.50     4.436E-17
 5347.00     4.307E-17
 5348.50     4.468E-17
 5350.00     4.230E-17
 5351.50     4.623E-17
 5353.00     4.693E-17
 5354.50     4.542E-17
 5356.00     4.397E-17
 5357.50     4.188E-17
 5359.00     4.639E-17
 5360.50     4.342E-17
 5362.00     4.147E-17
 5363.50     3.928E-17
 5365.00     4.077E-17
 5366.50     4.360E-17
 5368.00     4.228E-17
 5369.50     4.650E-17
 5371.00     4.339E-17
 5372.50     4.408E-17
 5374.00     4.614E-17
 5375.50     4.698E-17
 5377.00     4.392E-17
 5378.50     4.231E-17
 5380.00     4.132E-17
 5381.50     4.582E-17
 5383.00     4.231E-17
 5384.50     4.351E-17
 5386.00     4.431E-17
 5387.50     4.518E-17
 5389.00     4.366E-17
 5390.50     4.211E-17
 5392.00     4.434E-17
 5393.50     4.531E-17
 5395.00     4.300E-17
 5396.50     4.207E-17
 5398.00     4.143E-17
 5399.50     3.794E-17
 5401.00     3.650E-17
 5402.50     3.671E-17
 5404.00     4.433E-17
 5405.50     4.636E-17
 5407.00     4.490E-17
 5408.50     4.662E-17
 5410.00     4.873E-17
 5411.50     4.641E-17
 5413.00     4.752E-17
 5414.50     4.584E-17
 5416.00     4.811E-17
 5417.50     4.951E-17
 5419.00     4.730E-17
 5420.50     4.510E-17
 5422.00     4.415E-17
 5423.50     4.150E-17
 5425.00     4.134E-17
 5426.50     4.261E-17
 5428.00     4.582E-17
 5429.50     4.091E-17
 5431.00     4.352E-17
 5432.50     4.147E-17
 5434.00     4.115E-17
 5435.50     4.396E-17
 5437.00     4.539E-17
 5438.50     4.605E-17
 5440.00     4.480E-17
 5441.50     4.668E-17
 5443.00     4.718E-17
 5444.50     4.620E-17
 5446.00     4.417E-17
 5447.50     4.456E-17
 5449.00     4.210E-17
 5450.50     4.219E-17
 5452.00     4.064E-17
 5453.50     4.103E-17
 5455.00     4.505E-17
 5456.50     4.794E-17
 5458.00     4.799E-17
 5459.50     4.406E-17
 5461.00     4.514E-17
 5462.50     4.662E-17
 5464.00     4.410E-17
 5465.50     4.376E-17
 5467.00     4.386E-17
 5468.50     4.063E-17
 5470.00     4.507E-17
 5471.50     4.425E-17
 5473.00     4.334E-17
 5474.50     4.247E-17
 5476.00     4.053E-17
 5477.50     4.289E-17
 5479.00     4.153E-17
 5480.50     4.369E-17
 5482.00     4.189E-17
 5483.50     4.311E-17
 5485.00     4.304E-17
 5486.50     4.243E-17
 5488.00     4.313E-17
 5489.50     4.295E-17
 5491.00     4.712E-17
 5492.50     4.391E-17
 5494.00     4.096E-17
 5495.50     4.137E-17
 5497.00     4.292E-17
 5498.50     4.504E-17
 5500.00     4.257E-17
 5501.50     4.260E-17
 5503.00     4.264E-17
 5504.50     4.267E-17
 5506.00     4.270E-17
 5507.50     4.273E-17
 5509.00     4.277E-17
 5510.50     4.280E-17
 5512.00     4.283E-17
 5513.50     4.286E-17
 5515.00     4.290E-17
 5516.50     4.293E-17
 5518.00     4.296E-17
 5519.50     4.300E-17
 5521.00     4.303E-17
 5522.50     4.306E-17
 5524.00     4.309E-17
 5525.50     4.313E-17
 5527.00     4.316E-17
 5528.50     4.319E-17
 5530.00     4.322E-17
 5531.50     4.326E-17
 5533.00     4.329E-17
 5534.50     4.332E-17
 5536.00     4.335E-17
 5537.50     4.339E-17
 5539.00     4.342E-17
 5540.50     4.345E-17
 5542.00     4.348E-17
 5543.50     4.352E-17
 5545.00     4.355E-17
 5546.50     4.358E-17
 5548.00     4.362E-17
 5549.50     4.365E-17
 5551.00     4.368E-17
 5552.50     4.371E-17
 5554.00     4.375E-17
 5555.50     4.378E-17
 5557.00     4.381E-17
 5558.50     4.384E-17
 5560.00     4.388E-17
 5561.50     4.391E-17
 5563.00     4.394E-17
 5564.50     4.397E-17
 5566.00     4.401E-17
 5567.50     4.404E-17
 5569.00     4.407E-17
 5570.50     4.410E-17
 5572.00     4.414E-17
 5573.50     4.417E-17
 5575.00     4.420E-17
 5576.50     4.423E-17
 5578.00     4.427E-17
 5579.50     4.430E-17
 5581.00     4.433E-17
 5582.50     4.437E-17
 5584.00     4.440E-17
 5585.50     4.443E-17
 5587.00     4.446E-17
 5588.50     4.450E-17
 5590.00     4.453E-17
 5591.50     4.456E-17
 5593.00     4.459E-17
 5594.50     4.463E-17
 5596.00     4.466E-17
 5597.50     4.469E-17
 5599.00     4.472E-17
 5600.50     4.476E-17
 5602.00     4.479E-17
 5603.50     4.482E-17
 5605.00     4.485E-17
 5606.50     4.489E-17
 5608.00     4.492E-17
 5609.50     4.495E-17
 5611.00     4.498E-17
 5612.50     4.502E-17
 5614.00     4.505E-17
 5615.50     4.508E-17
 5617.00     4.512E-17
 5618.50     4.515E-17
 5620.00     4.518E-17
 5621.50     4.521E-17
 5623.00     4.525E-17
 5624.50     4.528E-17
 5626.00     4.531E-17
 5627.50     4.534E-17
 5629.00     4.538E-17
 5630.50     4.541E-17
 5632.00     4.544E-17
 5633.50     4.547E-17
 5635.00     4.551E-17
 5636.50     4.554E-17
 5638.00     4.557E-17
 5639.50     4.560E-17
 5641.00     4.564E-17
 5642.50     4.567E-17
 5644.00     4.570E-17
 5645.50     4.574E-17
 5647.00     4.577E-17
 5648.50     4.580E-17
 5650.00     4.583E-17
 5651.50     4.587E-17
 5653.00     4.590E-17
 5654.50     4.593E-17
 5656.00     4.596E-17
 5657.50     4.600E-17
 5659.00     4.603E-17
 5660.50     4.606E-17
 5662.00     4.609E-17
 5663.50     4.613E-17
 5665.00     4.616E-17
 5666.50     4.619E-17
 5668.00     4.622E-17
 5669.50     4.626E-17
 5671.00     4.629E-17
 5672.50     4.632E-17
 5674.00     4.635E-17
 5675.50     4.639E-17
 5677.00     4.642E-17
 5678.50     4.645E-17
 5680.00     4.649E-17
 5681.50     4.652E-17
 5683.00     4.655E-17
 5684.50     4.658E-17
 5686.00     4.662E-17
 5687.50     4.665E-17
 5689.00     4.668E-17
 5690.50     4.671E-17
 5692.00     4.675E-17
 5693.50     4.678E-17
 5695.00     4.681E-17
 5696.50     4.684E-17
 5698.00     4.688E-17
 5699.50     4.691E-17
 5701.00     4.694E-17
 5702.50     4.697E-17
 5704.00     4.701E-17
 5705.50     4.704E-17
 5707.00     4.707E-17
 5708.50     4.711E-17
 5710.00     4.714E-17
 5711.50     4.717E-17
 5713.00     4.720E-17
 5714.50     4.724E-17
 5716.00     4.727E-17
 5717.50     4.730E-17
 5719.00     4.733E-17
 5720.50     4.737E-17
 5722.00     4.740E-17
 5723.50     4.743E-17
 5725.00     4.746E-17
 5726.50     4.750E-17
 5728.00     4.753E-17
 5729.50     4.756E-17
 5731.00     4.759E-17
 5732.50     4.763E-17
 5734.00     4.766E-17
 5735.50     4.769E-17
 5737.00     4.772E-17
 5738.50     4.776E-17
 5740.00     4.779E-17
 5741.50     4.782E-17
 5743.00     4.786E-17
 5744.50     4.789E-17
 5746.00     4.792E-17
 5747.50     4.795E-17
 5749.00     4.799E-17
 5750.50     4.802E-17
 5752.00     4.805E-17
 5753.50     4.808E-17
 5755.00     4.812E-17
 5756.50     4.815E-17
 5758.00     4.818E-17
 5759.50     4.821E-17
 5761.00     4.825E-17
 5762.50     4.828E-17
 5764.00     4.831E-17
 5765.50     4.834E-17
 5767.00     4.838E-17
 5768.50     4.841E-17
 5770.00     4.844E-17
 5771.50     4.848E-17
 5773.00     4.851E-17
 5774.50     4.854E-17
 5776.00     4.857E-17
 5777.50     4.861E-17
 5779.00     4.864E-17
 5780.50     4.867E-17
 5782.00     4.870E-17
 5783.50     4.874E-17
 5785.00     4.877E-17
 5786.50     4.880E-17
 5788.00     4.883E-17
 5789.50     4.887E-17
 5791.00     4.890E-17
 5792.50     4.893E-17
 5794.00     4.896E-17
 5795.50     4.900E-17
 5797.00     4.903E-17
 5798.50     4.906E-17
 5800.00     4.909E-17
 5801.50     4.913E-17
 5803.00     4.940E-17
 5804.50     4.960E-17
 5806.00     5.017E-17
 5807.50     4.869E-17
 5809.00     4.890E-17
 5810.50     4.945E-17
 5812.00     4.839E-17
 5813.50     4.855E-17
 5815.00     4.895E-17
 5816.50     4.766E-17
 5818.00     5.027E-17
 5819.50     5.122E-17
 5821.00     4.945E-17
 5822.50     4.936E-17
 5824.00     4.906E-17
 5825.50     4.869E-17
 5827.00     4.841E-17
 5828.50     4.882E-17
 5830.00     4.978E-17
 5831.50     4.870E-17
 5833.00     5.013E-17
 5834.50     5.125E-17
 5836.00     5.070E-17
 5837.50     5.017E-17
 5839.00     5.003E-17
 5840.50     4.892E-17
 5842.00     4.859E-17
 5843.50     5.124E-17
 5845.00     5.257E-17
 5846.50     5.196E-17
 5848.00     5.081E-17
 5849.50     4.873E-17
 5851.00     4.862E-17
 5852.50     4.840E-17
 5854.00     4.960E-17
 5855.50     5.130E-17
 5857.00     5.165E-17
 5858.50     5.123E-17
 5860.00     5.199E-17
 5861.50     5.276E-17
 5863.00     4.988E-17
 5864.50     5.045E-17
 5866.00     5.138E-17
 5867.50     5.147E-17
 5869.00     5.228E-17
 5870.50     5.207E-17
 5872.00     5.203E-17
 5873.50     5.370E-17
 5875.00     5.378E-17
 5876.50     5.378E-17
 5878.00     5.403E-17
 5879.50     5.209E-17
 5881.00     5.236E-17
 5882.50     5.518E-17
 5884.00     5.511E-17
 5885.50     5.334E-17
 5887.00     5.432E-17
 5888.50     5.542E-17
 5890.00     5.343E-17
 5891.50     5.296E-17
 5893.00     5.329E-17
 5894.50     5.266E-17
 5896.00     5.045E-17
 5897.50     5.011E-17
 5899.00     5.140E-17
 5900.50     5.062E-17
 5902.00     5.185E-17
 5903.50     5.201E-17
 5905.00     5.294E-17
 5906.50     5.389E-17
 5908.00     5.212E-17
 5909.50     5.273E-17
 5911.00     5.208E-17
 5912.50     5.401E-17
 5914.00     5.482E-17
 5915.50     5.392E-17
 5917.00     5.361E-17
 5918.50     5.433E-17
 5920.00     5.534E-17
 5921.50     5.595E-17
 5923.00     5.438E-17
 5924.50     5.391E-17
 5926.00     5.381E-17
 5927.50     5.362E-17
 5929.00     5.565E-17
 5930.50     5.390E-17
 5932.00     5.385E-17
 5933.50     5.526E-17
 5935.00     5.644E-17
 5936.50     5.632E-17
 5938.00     5.725E-17
 5939.50     5.690E-17
 5941.00     5.525E-17
 5942.50     5.379E-17
 5944.00     5.452E-17
 5945.50     5.332E-17
 5947.00     5.341E-17
 5948.50     5.546E-17
 5950.00     5.560E-17
 5951.50     5.469E-17
 5953.00     5.524E-17
 5954.50     5.351E-17
 5956.00     5.206E-17
 5957.50     5.342E-17
 5959.00     5.365E-17
 5960.50     5.202E-17
 5962.00     5.310E-17
 5963.50     5.401E-17
 5965.00     5.371E-17
 5966.50     5.162E-17
 5968.00     5.279E-17
 5969.50     5.338E-17
 5971.00     5.181E-17
 5972.50     5.075E-17
 5974.00     5.149E-17
 5975.50     5.196E-17
 5977.00     5.087E-17
 5978.50     4.957E-17
 5980.00     4.927E-17
 5981.50     5.002E-17
 5983.00     4.848E-17
 5984.50     4.723E-17
 5986.00     4.639E-17
 5987.50     4.521E-17
 5989.00     4.609E-17
 5990.50     4.867E-17
 5992.00     4.959E-17
 5993.50     4.800E-17
 5995.00     4.719E-17
 5996.50     4.730E-17
 5998.00     4.832E-17
 5999.50     4.809E-17
 6001.00     4.841E-17
 6002.50     4.769E-17
 6004.00     4.561E-17
 6005.50     4.442E-17
 6007.00     4.437E-17
 6008.50     4.587E-17
 6010.00     4.628E-17
 6011.50     4.596E-17
 6013.00     4.475E-17
 6014.50     4.550E-17
 6016.00     4.731E-17
 6017.50     4.658E-17
 6019.00     4.684E-17
 6020.50     4.652E-17
 6022.00     4.713E-17
 6023.50     4.548E-17
 6025.00     4.611E-17
 6026.50     4.575E-17
 6028.00     4.505E-17
 6029.50     4.609E-17
 6031.00     4.713E-17
 6032.50     4.720E-17
 6034.00     4.464E-17
 6035.50     4.530E-17
 6037.00     4.667E-17
 6038.50     4.622E-17
 6040.00     4.489E-17
 6041.50     4.553E-17
 6043.00     4.515E-17
 6044.50     4.565E-17
 6046.00     4.468E-17
 6047.50     4.555E-17
 6049.00     4.701E-17
 6050.50     4.542E-17
 6052.00     4.497E-17
 6053.50     4.524E-17
 6055.00     4.566E-17
 6056.50     4.548E-17
 6058.00     4.650E-17
 6059.50     4.303E-17
 6061.00     4.383E-17
 6062.50     4.495E-17
 6064.00     4.575E-17
 6065.50     4.288E-17
 6067.00     4.433E-17
 6068.50     4.583E-17
 6070.00     4.579E-17
 6071.50     4.561E-17
 6073.00     4.548E-17
 6074.50     4.505E-17
 6076.00     4.490E-17
 6077.50     4.349E-17
 6079.00     4.305E-17
 6080.50     4.366E-17
 6082.00     4.475E-17
 6083.50     4.443E-17
 6085.00     4.352E-17
 6086.50     4.322E-17
 6088.00     4.320E-17
 6089.50     4.295E-17
 6091.00     4.537E-17
 6092.50     4.362E-17
 6094.00     4.241E-17
 6095.50     4.357E-17
 6097.00     4.375E-17
 6098.50     4.403E-17
 6100.00     4.259E-17
 6101.50     4.353E-17
 6103.00     4.428E-17
 6104.50     4.427E-17
 6106.00     4.173E-17
 6107.50     4.248E-17
 6109.00     4.239E-17
 6110.50     4.099E-17
 6112.00     4.174E-17
 6113.50     4.369E-17
 6115.00     4.425E-17
 6116.50     4.372E-17
 6118.00     4.271E-17
 6119.50     4.322E-17
 6121.00     4.384E-17
 6122.50     4.143E-17
 6124.00     4.247E-17
 6125.50     4.358E-17
 6127.00     4.278E-17
 6128.50     4.331E-17
 6130.00     4.305E-17
 6131.50     4.190E-17
 6133.00     4.309E-17
 6134.50     4.490E-17
 6136.00     4.442E-17
 6137.50     4.329E-17
 6139.00     4.254E-17
 6140.50     4.252E-17
 6142.00     4.214E-17
 6143.50     4.133E-17
 6145.00     4.124E-17
 6146.50     4.102E-17
 6148.00     4.091E-17
 6149.50     4.225E-17
 6151.00     4.258E-17
 6152.50     4.225E-17
 6154.00     4.296E-17
 6155.50     4.215E-17
 6157.00     4.300E-17
 6158.50     4.400E-17
 6160.00     4.365E-17
 6161.50     4.296E-17
 6163.00     4.167E-17
 6164.50     4.125E-17
 6166.00     4.229E-17
 6167.50     4.287E-17
 6169.00     4.247E-17
 6170.50     4.276E-17
 6172.00     4.149E-17
 6173.50     3.978E-17
 6175.00     4.091E-17
 6176.50     4.228E-17
 6178.00     4.179E-17
 6179.50     4.207E-17
 6181.00     4.098E-17
 6182.50     4.086E-17
 6184.00     4.221E-17
 6185.50     4.208E-17
 6187.00     4.142E-17
 6188.50     4.186E-17
 6190.00     4.190E-17
 6191.50     4.214E-17
 6193.00     4.274E-17
 6194.50     4.237E-17
 6196.00     4.133E-17
 6197.50     4.297E-17
 6199.00     4.133E-17
 6200.50     4.222E-17
 6202.00     4.182E-17
 6203.50     4.241E-17
 6205.00     4.268E-17
 6206.50     4.169E-17
 6208.00     4.094E-17
 6209.50     4.001E-17
 6211.00     4.083E-17
 6212.50     4.223E-17
 6214.00     4.168E-17
 6215.50     4.087E-17
 6217.00     4.143E-17
 6218.50     4.202E-17
 6220.00     4.071E-17
 6221.50     4.067E-17
 6223.00     4.099E-17
 6224.50     4.074E-17
 6226.00     4.031E-17
 6227.50     4.003E-17
 6229.00     3.983E-17
 6230.50     4.041E-17
 6232.00     4.178E-17
 6233.50     4.133E-17
 6235.00     4.127E-17
 6236.50     4.170E-17
 6238.00     4.104E-17
 6239.50     3.992E-17
 6241.00     4.119E-17
 6242.50     4.094E-17
 6244.00     3.964E-17
 6245.50     4.041E-17
 6247.00     4.139E-17
 6248.50     4.092E-17
 6250.00     4.090E-17
 6251.50     4.034E-17
 6253.00     4.025E-17
 6254.50     4.126E-17
 6256.00     4.076E-17
 6257.50     4.060E-17
 6259.00     3.999E-17
 6260.50     4.088E-17
 6262.00     3.925E-17
 6263.50     3.871E-17
 6265.00     3.916E-17
 6266.50     4.048E-17
 6268.00     3.994E-17
 6269.50     3.909E-17
 6271.00     4.050E-17
 6272.50     4.004E-17
 6274.00     3.905E-17
 6275.50     3.954E-17
 6277.00     3.952E-17
 6278.50     3.886E-17
 6280.00     3.851E-17
 6281.50     3.863E-17
 6283.00     3.987E-17
 6284.50     3.910E-17
 6286.00     4.042E-17
 6287.50     4.123E-17
 6289.00     3.984E-17
 6290.50     3.871E-17
 6292.00     3.872E-17
 6293.50     3.860E-17
 6295.00     3.812E-17
 6296.50     3.749E-17
 6298.00     3.739E-17
 6299.50     3.966E-17
 6301.00     4.078E-17
 6302.50     4.090E-17
 6304.00     4.008E-17
 6305.50     3.801E-17
 6307.00     3.923E-17
 6308.50     3.852E-17
 6310.00     4.000E-17
 6311.50     4.039E-17
 6313.00     3.977E-17
 6314.50     4.023E-17
 6316.00     3.964E-17
 6317.50     3.839E-17
 6319.00     3.878E-17
 6320.50     4.043E-17
 6322.00     4.075E-17
 6323.50     3.973E-17
 6325.00     3.914E-17
 6326.50     3.779E-17
 6328.00     4.035E-17
 6329.50     3.998E-17
 6331.00     3.852E-17
 6332.50     3.809E-17
 6334.00     3.797E-17
 6335.50     3.990E-17
 6337.00     4.023E-17
 6338.50     3.921E-17
 6340.00     3.798E-17
 6341.50     4.017E-17
 6343.00     4.104E-17
 6344.50     4.005E-17
 6346.00     4.053E-17
 6347.50     4.048E-17
 6349.00     3.914E-17
 6350.50     4.017E-17
 6352.00     4.236E-17
 6353.50     4.183E-17
 6355.00     4.156E-17
 6356.50     4.103E-17
 6358.00     4.126E-17
 6359.50     4.240E-17
 6361.00     4.012E-17
 6362.50     3.909E-17
 6364.00     4.137E-17
 6365.50     4.188E-17
 6367.00     4.159E-17
 6368.50     4.050E-17
 6370.00     4.140E-17
 6371.50     4.126E-17
 6373.00     3.974E-17
 6374.50     4.047E-17
 6376.00     4.134E-17
 6377.50     4.051E-17
 6379.00     3.941E-17
 6380.50     4.066E-17
 6382.00     4.099E-17
 6383.50     4.070E-17
 6385.00     4.051E-17
 6386.50     4.023E-17
 6388.00     4.086E-17
 6389.50     3.988E-17
 6391.00     4.113E-17
 6392.50     4.175E-17
 6394.00     4.152E-17
 6395.50     4.061E-17
 6397.00     3.979E-17
 6398.50     4.034E-17
 6400.00     4.128E-17
 6401.50     4.110E-17
 6403.00     4.219E-17
 6404.50     4.163E-17
 6406.00     4.064E-17
 6407.50     4.052E-17
 6409.00     4.268E-17
 6410.50     4.241E-17
 6412.00     4.196E-17
 6413.50     4.011E-17
 6415.00     4.181E-17
 6416.50     4.239E-17
 6418.00     4.194E-17
 6419.50     4.175E-17
 6421.00     4.208E-17
 6422.50     4.244E-17
 6424.00     4.310E-17
 6425.50     4.350E-17
 6427.00     4.054E-17
 6428.50     4.052E-17
 6430.00     4.118E-17
 6431.50     4.184E-17
 6433.00     4.265E-17
 6434.50     4.175E-17
 6436.00     4.098E-17
 6437.50     4.142E-17
 6439.00     4.151E-17
 6440.50     4.062E-17
 6442.00     4.094E-17
 6443.50     3.999E-17
 6445.00     4.095E-17
 6446.50     4.109E-17
 6448.00     4.150E-17
 6449.50     4.255E-17
 6451.00     4.222E-17
 6452.50     4.191E-17
 6454.00     4.207E-17
 6455.50     4.154E-17
 6457.00     4.124E-17
 6458.50     4.153E-17
 6460.00     4.054E-17
 6461.50     4.143E-17
 6463.00     4.166E-17
 6464.50     4.164E-17
 6466.00     4.163E-17
 6467.50     4.149E-17
 6469.00     4.171E-17
 6470.50     4.134E-17
 6472.00     4.179E-17
 6473.50     4.169E-17
 6475.00     4.010E-17
 6476.50     4.173E-17
 6478.00     4.118E-17
 6479.50     4.001E-17
 6481.00     4.093E-17
 6482.50     4.139E-17
 6484.00     4.266E-17
 6485.50     4.352E-17
 6487.00     4.054E-17
 6488.50     3.839E-17
 6490.00     4.054E-17
 6491.50     4.062E-17
 6493.00     4.077E-17
 6494.50     4.069E-17
 6496.00     4.058E-17
 6497.50     3.889E-17
 6499.00     4.121E-17
 6500.50     4.107E-17
 6502.00     4.075E-17
 6503.50     4.187E-17
 6505.00     4.095E-17
 6506.50     3.991E-17
 6508.00     4.062E-17
 6509.50     4.128E-17
 6511.00     4.084E-17
 6512.50     4.220E-17
 6514.00     4.033E-17
 6515.50     4.036E-17
 6517.00     4.142E-17
 6518.50     4.046E-17
 6520.00     4.002E-17
 6521.50     3.996E-17
 6523.00     4.014E-17
 6524.50     3.964E-17
 6526.00     4.006E-17
 6527.50     4.092E-17
 6529.00     4.044E-17
 6530.50     3.925E-17
 6532.00     3.888E-17
 6533.50     3.931E-17
 6535.00     3.967E-17
 6536.50     3.922E-17
 6538.00     3.919E-17
 6539.50     3.852E-17
 6541.00     3.970E-17
 6542.50     4.062E-17
 6544.00     4.065E-17
 6545.50     3.965E-17
 6547.00     4.007E-17
 6548.50     3.778E-17
 6550.00     3.646E-17
 6551.50     3.753E-17
 6553.00     3.883E-17
 6554.50     3.859E-17
 6556.00     3.892E-17
 6557.50     3.959E-17
 6559.00     4.024E-17
 6560.50     3.926E-17
 6562.00     3.904E-17
 6563.50     3.813E-17
 6565.00     3.853E-17
 6566.50     3.882E-17
 6568.00     3.819E-17
 6569.50     3.932E-17
 6571.00     3.944E-17
 6572.50     3.936E-17
 6574.00     3.822E-17
 6575.50     3.765E-17
 6577.00     3.880E-17
 6578.50     3.895E-17
 6580.00     3.714E-17
 6581.50     3.636E-17
 6583.00     3.677E-17
 6584.50     3.691E-17
 6586.00     3.617E-17
 6587.50     3.740E-17
 6589.00     3.768E-17
 6590.50     3.730E-17
 6592.00     3.787E-17
 6593.50     4.001E-17
 6595.00     4.006E-17
 6596.50     3.875E-17
 6598.00     3.909E-17
 6599.50     3.758E-17
 6601.00     3.736E-17
 6602.50     3.776E-17
 6604.00     3.785E-17
 6605.50     3.843E-17
 6607.00     3.776E-17
 6608.50     3.765E-17
 6610.00     3.733E-17
 6611.50     3.734E-17
 6613.00     3.701E-17
 6614.50     3.809E-17
 6616.00     3.849E-17
 6617.50     3.790E-17
 6619.00     3.784E-17
 6620.50     3.856E-17
 6622.00     3.733E-17
 6623.50     3.812E-17
 6625.00     3.745E-17
 6626.50     3.711E-17
 6628.00     3.713E-17
 6629.50     3.735E-17
 6631.00     3.745E-17
 6632.50     3.819E-17
 6634.00     3.743E-17
 6635.50     3.799E-17
 6637.00     3.733E-17
 6638.50     3.918E-17
 6640.00     3.917E-17
 6641.50     3.900E-17
 6643.00     3.915E-17
 6644.50     3.872E-17
 6646.00     3.949E-17
 6647.50     3.860E-17
 6649.00     3.769E-17
 6650.50     3.757E-17
 6652.00     3.877E-17
 6653.50     3.841E-17
 6655.00     3.841E-17
 6656.50     3.708E-17
 6658.00     3.779E-17
 6659.50     3.881E-17
 6661.00     3.734E-17
 6662.50     3.755E-17
 6664.00     3.831E-17
 6665.50     3.777E-17
 6667.00     3.807E-17
 6668.50     3.869E-17
 6670.00     3.797E-17
 6671.50     3.770E-17
 6673.00     3.839E-17
 6674.50     3.829E-17
 6676.00     3.690E-17
 6677.50     3.744E-17
 6679.00     3.793E-17
 6680.50     3.757E-17
 6682.00     3.723E-17
 6683.50     3.832E-17
 6685.00     3.819E-17
 6686.50     3.829E-17
 6688.00     3.737E-17
 6689.50     3.769E-17
 6691.00     3.858E-17
 6692.50     3.817E-17
 6694.00     3.770E-17
 6695.50     3.689E-17
 6697.00     3.760E-17
 6698.50     3.831E-17
 6700.00     3.832E-17
 6701.50     3.808E-17
 6703.00     3.742E-17
 6704.50     3.692E-17
 6706.00     3.669E-17
 6707.50     3.627E-17
 6709.00     3.559E-17
 6710.50     3.664E-17
 6712.00     3.656E-17
 6713.50     3.795E-17
 6715.00     3.793E-17
 6716.50     3.805E-17
 6718.00     3.979E-17
 6719.50     3.871E-17
 6721.00     3.723E-17
 6722.50     3.843E-17
 6724.00     3.779E-17
 6725.50     3.755E-17
 6727.00     3.698E-17
 6728.50     3.665E-17
 6730.00     3.810E-17
 6731.50     3.641E-17
 6733.00     3.735E-17
 6734.50     3.740E-17
 6736.00     3.672E-17
 6737.50     3.788E-17
 6739.00     3.813E-17
 6740.50     3.709E-17
 6742.00     3.702E-17
 6743.50     3.659E-17
 6745.00     3.767E-17
 6746.50     3.800E-17
 6748.00     3.817E-17
 6749.50     3.868E-17
 6751.00     3.665E-17
 6752.50     3.774E-17
 6754.00     3.813E-17
 6755.50     3.789E-17
 6757.00     3.742E-17
 6758.50     3.711E-17
 6760.00     3.776E-17
 6761.50     3.754E-17
 6763.00     3.734E-17
 6764.50     3.812E-17
 6766.00     3.783E-17
 6767.50     3.812E-17
 6769.00     3.782E-17
 6770.50     3.750E-17
 6772.00     3.736E-17
 6773.50     3.860E-17
 6775.00     3.847E-17
 6776.50     3.779E-17
 6778.00     3.776E-17
 6779.50     3.874E-17
 6781.00     3.783E-17
 6782.50     3.842E-17
 6784.00     3.822E-17
 6785.50     3.833E-17
 6787.00     3.827E-17
 6788.50     3.861E-17
 6790.00     3.875E-17
 6791.50     3.729E-17
 6793.00     3.839E-17
 6794.50     3.935E-17
 6796.00     3.726E-17
 6797.50     3.689E-17
 6799.00     3.709E-17
 6800.50     3.678E-17
 6802.00     3.722E-17
 6803.50     3.730E-17
 6805.00     3.598E-17
 6806.50     3.609E-17
 6808.00     3.706E-17
 6809.50     3.770E-17
 6811.00     3.797E-17
 6812.50     3.766E-17
 6814.00     3.823E-17
 6815.50     3.814E-17
 6817.00     3.771E-17
 6818.50     3.800E-17
 6820.00     3.784E-17
 6821.50     3.533E-17
 6823.00     3.024E-17
 6824.50     2.361E-17
 6826.00     2.153E-17
 6827.50     2.277E-17
 6829.00     2.838E-17
 6830.50     3.532E-17
 6832.00     3.599E-17
 6833.50     3.672E-17
 6835.00     3.590E-17
 6836.50     3.546E-17
 6838.00     3.772E-17
 6839.50     3.815E-17
 6841.00     3.836E-17
 6842.50     3.752E-17
 6844.00     3.734E-17
 6845.50     3.662E-17
 6847.00     3.819E-17
 6848.50     3.645E-17
 6850.00     3.503E-17
 6851.50     3.592E-17
 6853.00     3.697E-17
 6854.50     3.579E-17
 6856.00     3.519E-17
 6857.50     3.683E-17
 6859.00     3.651E-17
 6860.50     3.703E-17
 6862.00     3.706E-17
 6863.50     3.754E-17
 6865.00     3.716E-17
 6866.50     3.441E-17
 6868.00     3.170E-17
 6869.50     3.002E-17
 6871.00     2.946E-17
 6872.50     2.796E-17
 6874.00     2.855E-17
 6875.50     2.876E-17
 6877.00     3.006E-17
 6878.50     3.127E-17
 6880.00     3.300E-17
 6881.50     3.423E-17
 6883.00     3.508E-17
 6884.50     3.496E-17
 6886.00     3.414E-17
 6887.50     3.489E-17
 6889.00     3.450E-17
 6890.50     3.309E-17
 6892.00     3.285E-17
 6893.50     3.336E-17
 6895.00     3.375E-17
 6896.50     3.360E-17
 6898.00     3.410E-17
 6899.50     3.375E-17
 6901.00     3.330E-17
 6902.50     3.473E-17
 6904.00     3.493E-17
 6905.50     3.439E-17
 6907.00     3.396E-17
 6908.50     3.496E-17
 6910.00     3.231E-17
 6911.50     2.688E-17
 6913.00     2.359E-17
 6914.50     2.481E-17
 6916.00     2.749E-17
 6917.50     2.977E-17
 6919.00     3.410E-17
 6920.50     3.627E-17
 6922.00     3.608E-17
 6923.50     3.626E-17
 6925.00     3.609E-17
 6926.50     3.584E-17
 6928.00     3.502E-17
 6929.50     3.442E-17
 6931.00     3.511E-17
 6932.50     3.363E-17
 6934.00     3.139E-17
 6935.50     2.615E-17
 6937.00     2.108E-17
 6938.50     2.018E-17
 6940.00     2.247E-17
 6941.50     2.766E-17
 6943.00     3.332E-17
 6944.50     3.664E-17
 6946.00     3.760E-17
 6947.50     3.693E-17
 6949.00     3.735E-17
 6950.50     3.680E-17
 6952.00     3.737E-17
 6953.50     3.623E-17
 6955.00     3.656E-17
 6956.50     3.679E-17
 6958.00     3.577E-17
 6959.50     3.563E-17
 6961.00     3.625E-17
 6962.50     3.624E-17
 6964.00     3.671E-17
 6965.50     3.604E-17
 6967.00     3.563E-17
 6968.50     3.570E-17
 6970.00     3.672E-17
 6971.50     3.715E-17
 6973.00     3.615E-17
 6974.50     3.597E-17
 6976.00     3.693E-17
 6977.50     3.797E-17
 6979.00     3.587E-17
 6980.50     3.669E-17
 6982.00     3.646E-17
 6983.50     3.702E-17
 6985.00     3.861E-17
 6986.50     3.848E-17
 6988.00     3.668E-17
 6989.50     3.624E-17
 6991.00     3.641E-17
 6992.50     3.647E-17
 6994.00     3.734E-17
 6995.50     3.703E-17
 6997.00     3.697E-17
 6998.50     3.642E-17
 7000.00     3.681E-17
 7001.50     3.677E-17
 7003.00     3.634E-17
 7004.50     3.632E-17
 7006.00     3.606E-17
 7007.50     3.551E-17
 7009.00     3.532E-17
 7010.50     3.691E-17
 7012.00     3.615E-17
 7013.50     3.662E-17
 7015.00     3.798E-17
 7016.50     3.729E-17
 7018.00     3.688E-17
 7019.50     3.561E-17
 7021.00     3.661E-17
 7022.50     3.676E-17
 7024.00     3.542E-17
 7025.50     3.544E-17
 7027.00     3.621E-17
 7028.50     3.577E-17
 7030.00     3.561E-17
 7031.50     3.519E-17
 7033.00     3.350E-17
 7034.50     3.370E-17
 7036.00     3.460E-17
 7037.50     3.599E-17
 7039.00     3.585E-17
 7040.50     3.651E-17
 7042.00     3.730E-17
 7043.50     3.656E-17
 7045.00     3.689E-17
 7046.50     3.637E-17
 7048.00     3.697E-17
 7049.50     3.545E-17
 7051.00     3.541E-17
 7052.50     3.621E-17
 7054.00     3.646E-17
 7055.50     3.624E-17
 7057.00     3.678E-17
 7058.50     3.586E-17
 7060.00     3.408E-17
 7061.50     3.462E-17
 7063.00     3.604E-17
 7064.50     3.580E-17
 7066.00     3.630E-17
 7067.50     3.548E-17
 7069.00     3.594E-17
 7070.50     3.561E-17
 7072.00     3.592E-17
 7073.50     3.621E-17
 7075.00     3.581E-17
 7076.50     3.517E-17
 7078.00     3.596E-17
 7079.50     3.633E-17
 7081.00     3.574E-17
 7082.50     3.625E-17
 7084.00     3.662E-17
 7085.50     3.619E-17
 7087.00     3.583E-17
 7088.50     3.660E-17
 7090.00     3.666E-17
 7091.50     3.626E-17
 7093.00     3.654E-17
 7094.50     3.665E-17
 7096.00     3.673E-17
 7097.50     3.522E-17
 7099.00     3.566E-17
 7100.50     3.588E-17
 7102.00     3.573E-17
 7103.50     3.531E-17
 7105.00     3.529E-17
 7106.50     3.592E-17
 7108.00     3.629E-17
 7109.50     3.672E-17
 7111.00     3.572E-17
 7112.50     3.553E-17
 7114.00     3.576E-17
 7115.50     3.634E-17
 7117.00     3.672E-17
 7118.50     3.562E-17
 7120.00     3.662E-17
 7121.50     3.694E-17
 7123.00     3.592E-17
 7124.50     3.684E-17
 7126.00     3.749E-17
 7127.50     3.841E-17
 7129.00     3.802E-17
 7130.50     3.792E-17
 7132.00     3.737E-17
 7133.50     3.766E-17
 7135.00     3.738E-17
 7136.50     3.730E-17
 7138.00     3.687E-17
 7139.50     3.703E-17
 7141.00     3.801E-17
 7142.50     3.734E-17
 7144.00     3.684E-17
 7145.50     3.809E-17
 7147.00     3.692E-17
 7148.50     3.715E-17
 7150.00     3.774E-17
 7151.50     3.788E-17
 7153.00     3.736E-17
 7154.50     3.666E-17
 7156.00     3.547E-17
 7157.50     3.673E-17
 7159.00     3.762E-17
 7160.50     3.809E-17
 7162.00     3.639E-17
 7163.50     3.706E-17
 7165.00     3.816E-17
 7166.50     3.822E-17
 7168.00     3.846E-17
 7169.50     3.766E-17
 7171.00     3.646E-17
 7172.50     3.630E-17
 7174.00     3.700E-17
 7175.50     3.668E-17
 7177.00     3.675E-17
 7178.50     3.637E-17
 7180.00     3.644E-17
 7181.50     3.568E-17
 7183.00     3.645E-17
 7184.50     3.764E-17
 7186.00     3.654E-17
 7187.50     3.583E-17
 7189.00     3.536E-17
 7190.50     3.599E-17
 7192.00     3.729E-17
 7193.50     3.744E-17
 7195.00     3.658E-17
 7196.50     3.680E-17
 7198.00     3.607E-17
 7199.50     3.556E-17
 7201.00     3.667E-17
 7202.50     3.680E-17
 7204.00     3.680E-17
 7205.50     3.717E-17
 7207.00     3.712E-17
 7208.50     3.617E-17
 7210.00     3.617E-17
 7211.50     3.674E-17
 7213.00     3.727E-17
 7214.50     3.665E-17
 7216.00     3.734E-17
 7217.50     3.783E-17
 7219.00     3.717E-17
 7220.50     3.782E-17
 7222.00     3.782E-17
 7223.50     3.824E-17
 7225.00     3.764E-17
 7226.50     3.735E-17
 7228.00     3.789E-17
 7229.50     3.766E-17
 7231.00     3.784E-17
 7232.50     3.784E-17
 7234.00     3.624E-17
 7235.50     3.670E-17
 7237.00     3.583E-17
 7238.50     3.738E-17
 7240.00     3.897E-17
 7241.50     3.944E-17
 7243.00     3.956E-17
 7244.50     3.850E-17
 7246.00     3.845E-17
 7247.50     3.662E-17
 7249.00     3.696E-17
 7250.50     3.756E-17
 7252.00     3.696E-17
 7253.50     3.578E-17
 7255.00     3.618E-17
 7256.50     3.724E-17
 7258.00     3.685E-17
 7259.50     3.672E-17
 7261.00     3.707E-17
 7262.50     3.747E-17
 7264.00     3.705E-17
 7265.50     3.634E-17
 7267.00     3.664E-17
 7268.50     3.859E-17
 7270.00     3.744E-17
 7271.50     3.731E-17
 7273.00     3.757E-17
 7274.50     3.940E-17
 7276.00     4.072E-17
 7277.50     3.676E-17
 7279.00     3.612E-17
 7280.50     3.369E-17
 7282.00     3.551E-17
 7283.50     3.762E-17
 7285.00     3.915E-17
 7286.50     3.898E-17
 7288.00     3.768E-17
 7289.50     3.838E-17
 7291.00     3.772E-17
 7292.50     3.740E-17
 7294.00     3.828E-17
 7295.50     3.725E-17
 7297.00     3.789E-17
 7298.50     3.694E-17
 7300.00     3.569E-17
 7301.50     3.594E-17
 7303.00     3.690E-17
 7304.50     3.709E-17
 7306.00     3.716E-17
 7307.50     3.683E-17
 7309.00     3.892E-17
 7310.50     3.894E-17
 7312.00     3.802E-17
 7313.50     3.743E-17
 7315.00     3.816E-17
 7316.50     3.748E-17
 7318.00     3.825E-17
 7319.50     3.880E-17
 7321.00     3.741E-17
 7322.50     3.864E-17
 7324.00     3.905E-17
 7325.50     3.759E-17
 7327.00     3.676E-17
 7328.50     3.840E-17
 7330.00     3.823E-17
 7331.50     3.678E-17
 7333.00     3.758E-17
 7334.50     3.692E-17
 7336.00     3.714E-17
 7337.50     3.743E-17
 7339.00     3.771E-17
 7340.50     3.706E-17
 7342.00     3.751E-17
 7343.50     3.914E-17
 7345.00     3.711E-17
 7346.50     3.557E-17
 7348.00     3.613E-17
 7349.50     3.753E-17
 7351.00     3.748E-17
 7352.50     3.733E-17
 7354.00     3.793E-17
 7355.50     3.921E-17
 7357.00     3.897E-17
 7358.50     3.656E-17
 7360.00     3.702E-17
 7361.50     3.839E-17
 7363.00     3.743E-17
 7364.50     3.783E-17
 7366.00     3.856E-17
 7367.50     3.669E-17
 7369.00     3.557E-17
 7370.50     3.554E-17
 7372.00     3.654E-17
 7373.50     3.718E-17
 7375.00     3.769E-17
 7376.50     3.810E-17
 7378.00     3.766E-17
 7379.50     3.655E-17
 7381.00     3.801E-17
 7382.50     3.722E-17
 7384.00     3.746E-17
 7385.50     3.783E-17
 7387.00     3.837E-17
 7388.50     3.764E-17
 7390.00     3.681E-17
 7391.50     3.684E-17
 7393.00     3.716E-17
 7394.50     3.644E-17
 7396.00     3.702E-17
 7397.50     3.722E-17
 7399.00     3.836E-17
 7400.50     3.879E-17
 7402.00     3.863E-17
 7403.50     3.699E-17
 7405.00     3.550E-17
 7406.50     3.709E-17
 7408.00     3.865E-17
 7409.50     3.749E-17
 7411.00     3.736E-17
 7412.50     3.721E-17
 7414.00     3.712E-17
 7415.50     3.684E-17
 7417.00     3.770E-17
 7418.50     3.651E-17
 7420.00     3.686E-17
 7421.50     3.749E-17
 7423.00     3.758E-17
 7424.50     3.786E-17
 7426.00     3.725E-17
 7427.50     3.635E-17
 7429.00     3.784E-17
 7430.50     3.829E-17
 7432.00     3.747E-17
 7433.50     3.783E-17
 7435.00     3.710E-17
 7436.50     3.665E-17
 7438.00     3.916E-17
 7439.50     3.918E-17
 7441.00     3.870E-17
 7442.50     3.708E-17
 7444.00     3.774E-17
 7445.50     3.767E-17
 7447.00     3.859E-17
 7448.50     3.773E-17
 7450.00     3.774E-17
 7451.50     3.805E-17
 7453.00     3.653E-17
 7454.50     3.651E-17
 7456.00     3.752E-17
 7457.50     3.708E-17
 7459.00     3.682E-17
 7460.50     3.757E-17
 7462.00     3.735E-17
 7463.50     3.706E-17
 7465.00     3.827E-17
 7466.50     3.846E-17
 7468.00     3.739E-17
 7469.50     3.748E-17
 7471.00     3.782E-17
 7472.50     3.715E-17
 7474.00     3.805E-17
 7475.50     3.836E-17
 7477.00     3.789E-17
 7478.50     3.844E-17
 7480.00     3.746E-17
 7481.50     3.662E-17
 7483.00     3.709E-17
 7484.50     3.755E-17
 7486.00     3.881E-17
 7487.50     3.910E-17
 7489.00     3.777E-17
 7490.50     3.697E-17
 7492.00     3.937E-17
 7493.50     3.858E-17
 7495.00     3.860E-17
 7496.50     3.845E-17
 7498.00     3.610E-17
 7499.50     3.641E-17
 7501.00     3.548E-17
 7502.50     3.379E-17
 7504.00     3.350E-17
 7505.50     3.352E-17
 7507.00     3.480E-17
 7508.50     3.714E-17
 7510.00     3.709E-17
 7511.50     3.784E-17
 7513.00     3.816E-17
 7514.50     3.909E-17
 7516.00     3.985E-17
 7517.50     4.026E-17
 7519.00     4.005E-17
 7520.50     3.836E-17
 7522.00     3.832E-17
 7523.50     3.764E-17
 7525.00     3.718E-17
 7526.50     3.660E-17
 7528.00     3.504E-17
 7529.50     2.765E-17
 7531.00     2.327E-17
 7532.50     2.452E-17
 7534.00     2.705E-17
 7535.50     3.143E-17
 7537.00     3.586E-17
 7538.50     3.783E-17
 7540.00     3.774E-17
 7541.50     3.740E-17
 7543.00     3.849E-17
 7544.50     3.890E-17
 7546.00     3.793E-17
 7547.50     3.687E-17
 7549.00     3.690E-17
 7550.50     3.782E-17
 7552.00     3.685E-17
 7553.50     3.563E-17
 7555.00     3.521E-17
 7556.50     3.544E-17
 7558.00     3.702E-17
 7559.50     3.867E-17
 7561.00     3.822E-17
 7562.50     3.874E-17
 7564.00     3.676E-17
 7565.50     3.476E-17
 7567.00     3.246E-17
 7568.50     2.636E-17
 7570.00     2.024E-17
 7571.50     2.052E-17
 7573.00     2.242E-17
 7574.50     2.776E-17
 7576.00     3.294E-17
 7577.50     3.529E-17
 7579.00     3.586E-17
 7580.50     3.585E-17
 7582.00     3.690E-17
 7583.50     3.664E-17
 7585.00     3.669E-17
 7586.50     3.598E-17
 7588.00     3.511E-17
 7589.50     3.395E-17
 7591.00     3.647E-17
 7592.50     3.945E-17
 7594.00     3.949E-17
 7595.50     3.754E-17
 7597.00     3.640E-17
 7598.50     3.402E-17
 7600.00     3.454E-17
 7601.50     3.168E-17
 7603.00     2.778E-17
 7604.50     2.841E-17
 7606.00     2.750E-17
 7607.50     2.705E-17
 7609.00     2.984E-17
 7610.50     2.814E-17
 7612.00     2.814E-17
 7613.50     3.080E-17
 7615.00     3.216E-17
 7616.50     3.576E-17
 7618.00     3.872E-17
 7619.50     3.805E-17
 7621.00     4.036E-17
 7622.50     3.718E-17
 7624.00     3.546E-17
 7625.50     3.503E-17
 7627.00     3.407E-17
 7628.50     3.603E-17
 7630.00     3.729E-17
 7631.50     3.485E-17
 7633.00     3.425E-17
 7634.50     3.554E-17
 7636.00     3.447E-17
 7637.50     3.388E-17
 7639.00     3.372E-17
 7640.50     3.190E-17
 7642.00     3.512E-17
 7643.50     3.420E-17
 7645.00     3.523E-17
 7646.50     3.686E-17
 7648.00     3.421E-17
 7649.50     3.534E-17
 7651.00     3.614E-17
 7652.50     3.449E-17
 7654.00     3.482E-17
 7655.50     3.580E-17
 7657.00     3.568E-17
 7658.50     3.369E-17
 7660.00     3.552E-17
 7661.50     3.757E-17
 7663.00     3.756E-17
 7664.50     3.658E-17
 7666.00     3.659E-17
 7667.50     3.712E-17
 7669.00     3.624E-17
 7670.50     3.609E-17
 7672.00     3.578E-17
 7673.50     3.499E-17
 7675.00     3.397E-17
 7676.50     3.487E-17
 7678.00     3.406E-17
 7679.50     3.452E-17
 7681.00     3.642E-17
 7682.50     3.565E-17
 7684.00     3.577E-17
 7685.50     3.567E-17
 7687.00     3.644E-17
 7688.50     3.670E-17
 7690.00     3.689E-17
 7691.50     3.724E-17
 7693.00     3.775E-17
 7694.50     3.652E-17
 7696.00     3.592E-17
 7697.50     3.631E-17
 7699.00     3.723E-17
 7700.50     3.794E-17
 7702.00     3.687E-17
 7703.50     3.657E-17
 7705.00     3.801E-17
 7706.50     3.746E-17
 7708.00     3.627E-17
 7709.50     3.749E-17
 7711.00     3.796E-17
 7712.50     3.511E-17
 7714.00     3.666E-17
 7715.50     3.622E-17
 7717.00     3.660E-17
 7718.50     3.862E-17
 7720.00     3.752E-17
 7721.50     3.755E-17
 7723.00     3.674E-17
 7724.50     3.691E-17
 7726.00     3.693E-17
 7727.50     3.642E-17
 7729.00     3.549E-17
 7730.50     3.611E-17
 7732.00     3.538E-17
 7733.50     3.481E-17
 7735.00     3.477E-17
 7736.50     3.562E-17
 7738.00     3.554E-17
 7739.50     3.496E-17
 7741.00     3.521E-17
 7742.50     3.528E-17
 7744.00     3.432E-17
 7745.50     3.380E-17
 7747.00     3.418E-17
 7748.50     3.517E-17
 7750.00     3.503E-17
 7751.50     3.391E-17
 7753.00     3.440E-17
 7754.50     3.458E-17
 7756.00     3.536E-17
 7757.50     3.716E-17
 7759.00     3.446E-17
 7760.50     3.315E-17
 7762.00     3.554E-17
 7763.50     3.587E-17
 7765.00     3.657E-17
 7766.50     3.542E-17
 7768.00     3.533E-17
 7769.50     3.494E-17
 7771.00     3.461E-17
 7772.50     3.476E-17
 7774.00     3.669E-17
 7775.50     3.579E-17
 7777.00     3.473E-17
 7778.50     3.398E-17
 7780.00     3.490E-17
 7781.50     3.510E-17
 7783.00     3.487E-17
 7784.50     3.533E-17
 7786.00     3.568E-17
 7787.50     3.501E-17
 7789.00     3.453E-17
 7790.50     3.494E-17
 7792.00     3.654E-17
 7793.50     3.573E-17
 7795.00     3.565E-17
 7796.50     3.603E-17
 7798.00     3.664E-17
 7799.50     3.661E-17
 7801.00     3.650E-17
 7802.50     3.536E-17
 7804.00     3.505E-17
 7805.50     3.426E-17
 7807.00     3.375E-17
 7808.50     3.336E-17
 7810.00     3.393E-17
 7811.50     3.451E-17
 7813.00     3.539E-17
 7814.50     3.487E-17
 7816.00     3.497E-17
 7817.50     3.399E-17
 7819.00     3.347E-17
 7820.50     3.519E-17
 7822.00     3.509E-17
 7823.50     3.421E-17
 7825.00     3.477E-17
 7826.50     3.369E-17
 7828.00     3.543E-17
 7829.50     3.516E-17
 7831.00     3.473E-17
 7832.50     3.492E-17
 7834.00     3.497E-17
 7835.50     3.417E-17
 7837.00     3.384E-17
 7838.50     3.530E-17
 7840.00     3.520E-17
 7841.50     3.469E-17
 7843.00     3.471E-17
 7844.50     3.640E-17
 7846.00     3.564E-17
 7847.50     3.474E-17
 7849.00     3.483E-17
 7850.50     3.446E-17
 7852.00     3.510E-17
 7853.50     3.446E-17
 7855.00     3.521E-17
 7856.50     3.587E-17
 7858.00     3.524E-17
 7859.50     3.574E-17
 7861.00     3.443E-17
 7862.50     3.398E-17
 7864.00     3.611E-17
 7865.50     3.493E-17
 7867.00     3.530E-17
 7868.50     3.405E-17
 7870.00     3.312E-17
 7871.50     3.518E-17
 7873.00     3.455E-17
 7874.50     3.543E-17
 7876.00     3.616E-17
 7877.50     3.622E-17
 7879.00     3.451E-17
 7880.50     3.528E-17
 7882.00     3.722E-17
 7883.50     3.718E-17
 7885.00     3.662E-17
 7886.50     3.703E-17
 7888.00     3.747E-17
 7889.50     3.640E-17
 7891.00     3.659E-17
 7892.50     3.481E-17
 7894.00     3.408E-17
 7895.50     3.455E-17
 7897.00     3.627E-17
 7898.50     3.579E-17
 7900.00     3.582E-17
 7901.50     3.582E-17
 7903.00     3.512E-17
 7904.50     3.437E-17
 7906.00     3.388E-17
 7907.50     3.793E-17
 7909.00     3.761E-17
 7910.50     3.722E-17
 7912.00     3.686E-17
 7913.50     3.207E-17
 7915.00     3.497E-17
 7916.50     3.795E-17
 7918.00     3.530E-17
 7919.50     3.470E-17
 7921.00     3.520E-17
 7922.50     3.447E-17
 7924.00     3.615E-17
 7925.50     3.672E-17
 7927.00     3.560E-17
 7928.50     3.454E-17
 7930.00     3.506E-17
 7931.50     3.511E-17
 7933.00     3.351E-17
 7934.50     3.670E-17
 7936.00     3.652E-17
 7937.50     3.534E-17
 7939.00     3.437E-17
 7940.50     3.542E-17
 7942.00     3.567E-17
 7943.50     3.623E-17
 7945.00     3.646E-17
 7946.50     3.468E-17
 7948.00     3.587E-17
 7949.50     3.461E-17
 7951.00     3.424E-17
 7952.50     3.425E-17
 7954.00     3.485E-17
 7955.50     3.562E-17
 7957.00     3.552E-17
 7958.50     3.599E-17
 7960.00     3.473E-17
 7961.50     3.490E-17
 7963.00     3.480E-17
 7964.50     3.558E-17
 7966.00     3.512E-17
 7967.50     3.436E-17
 7969.00     3.412E-17
 7970.50     3.468E-17
 7972.00     3.406E-17
 7973.50     3.517E-17
 7975.00     3.542E-17
 7976.50     3.466E-17
 7978.00     3.411E-17
 7979.50     3.434E-17
 7981.00     3.357E-17
 7982.50     3.468E-17
 7984.00     3.383E-17
 7985.50     3.436E-17
 7987.00     3.538E-17
 7988.50     3.586E-17
 7990.00     3.485E-17
 7991.50     3.427E-17
 7993.00     3.425E-17
 7994.50     3.321E-17
 7996.00     3.463E-17
 7997.50     3.295E-17
 7999.00     3.480E-17
 8000.50     3.546E-17
 8002.00     3.345E-17
 8003.50     3.342E-17
 8005.00     3.664E-17
 8006.50     3.401E-17
 8008.00     3.260E-17
 8009.50     3.334E-17
 8011.00     3.485E-17
 8012.50     3.447E-17
 8014.00     3.277E-17
 8015.50     3.352E-17
 8017.00     3.254E-17
 8018.50     3.421E-17
 8020.00     3.371E-17
 8021.50     3.337E-17
 8023.00     3.416E-17
 8024.50     3.596E-17
 8026.00     3.467E-17
 8027.50     3.370E-17
 8029.00     3.279E-17
 8030.50     3.161E-17
 8032.00     3.126E-17
 8033.50     3.338E-17
 8035.00     3.379E-17
 8036.50     3.483E-17
 8038.00     3.455E-17
 8039.50     3.394E-17
 8041.00     3.492E-17
 8042.50     3.504E-17
 8044.00     3.576E-17
 8045.50     3.483E-17
 8047.00     3.432E-17
 8048.50     3.579E-17
 8050.00     3.444E-17
 8051.50     3.286E-17
 8053.00     3.317E-17
 8054.50     3.303E-17
 8056.00     3.331E-17
 8057.50     3.495E-17
 8059.00     3.338E-17
 8060.50     3.328E-17
 8062.00     3.377E-17
 8063.50     3.501E-17
 8065.00     3.606E-17
 8066.50     3.445E-17
 8068.00     3.205E-17
 8069.50     3.331E-17
 8071.00     3.414E-17
 8072.50     3.402E-17
 8074.00     3.358E-17
 8075.50     3.331E-17
 8077.00     3.351E-17
 8078.50     3.467E-17
 8080.00     3.439E-17
 8081.50     3.381E-17
 8083.00     3.374E-17
 8084.50     3.367E-17
 8086.00     3.418E-17
 8087.50     3.305E-17
 8089.00     3.415E-17
 8090.50     3.298E-17
 8092.00     3.450E-17
 8093.50     3.555E-17
 8095.00     3.331E-17
 8096.50     3.207E-17
 8098.00     3.349E-17
 8099.50     3.466E-17
 8101.00     3.426E-17
 8102.50     3.583E-17
 8104.00     3.475E-17
 8105.50     3.360E-17
 8107.00     3.633E-17
 8108.50     3.487E-17
 8110.00     3.440E-17
 8111.50     3.430E-17
 8113.00     3.361E-17
 8114.50     3.379E-17
 8116.00     3.219E-17
 8117.50     3.432E-17
 8119.00     3.406E-17
 8120.50     3.418E-17
 8122.00     3.347E-17
 8123.50     3.372E-17
 8125.00     3.379E-17
 8126.50     3.308E-17
 8128.00     3.547E-17
 8129.50     3.568E-17
 8131.00     3.407E-17
 8132.50     3.441E-17
 8134.00     3.340E-17
 8135.50     3.060E-17
 8137.00     2.698E-17
 8138.50     2.187E-17
 8140.00     1.569E-17
 8141.50     9.713E-18
 8143.00     8.859E-18
 8144.50     1.630E-17
 8146.00     2.444E-17
 8147.50     2.904E-17
 8149.00     3.264E-17
 8150.50     3.369E-17
 8152.00     3.324E-17
 8153.50     3.320E-17
 8155.00     3.184E-17
 8156.50     2.969E-17
 8158.00     2.751E-17
 8159.50     2.501E-17
 8161.00     1.807E-17
 8162.50     1.210E-17
 8164.00     1.192E-17
 8165.50     1.707E-17
 8167.00     2.422E-17
 8168.50     2.981E-17
 8170.00     3.337E-17
 8171.50     3.305E-17
 8173.00     3.282E-17
 8174.50     3.390E-17
 8176.00     3.397E-17
 8177.50     3.361E-17
 8179.00     3.313E-17
 8180.50     3.269E-17
 8182.00     3.266E-17
 8183.50     3.273E-17
 8185.00     3.252E-17
 8186.50     3.325E-17
 8188.00     3.248E-17
 8189.50     3.363E-17
 8191.00     3.153E-17
 8192.50     3.132E-17
 8194.00     3.346E-17
 8195.50     3.305E-17
 8197.00     3.248E-17
 8198.50     3.236E-17
 8200.00     3.209E-17
 8201.50     3.297E-17
 8203.00     3.192E-17
 8204.50     3.246E-17
 8206.00     3.168E-17
 8207.50     3.121E-17
 8209.00     3.197E-17
 8210.50     3.273E-17
 8212.00     3.245E-17
 8213.50     3.263E-17
 8215.00     3.314E-17
 8216.50     3.337E-17
 8218.00     3.319E-17
 8219.50     3.264E-17
 8221.00     3.252E-17
 8222.50     3.174E-17
 8224.00     3.259E-17
 8225.50     3.167E-17
 8227.00     3.217E-17
 8228.50     3.375E-17
 8230.00     3.223E-17
 8231.50     3.026E-17
 8233.00     3.092E-17
 8234.50     3.120E-17
 8236.00     3.201E-17
 8237.50     3.084E-17
 8239.00     3.054E-17
 8240.50     3.169E-17
 8242.00     3.343E-17
 8243.50     3.238E-17
 8245.00     3.162E-17
 8246.50     3.204E-17
 8248.00     3.156E-17
 8249.50     3.101E-17
 8251.00     2.966E-17
 8252.50     2.822E-17
 8254.00     2.699E-17
 8255.50     2.566E-17
 8257.00     2.636E-17
 8258.50     2.803E-17
 8260.00     3.003E-17
 8261.50     3.207E-17
 8263.00     3.160E-17
 8264.50     3.093E-17
 8266.00     3.158E-17
 8267.50     3.336E-17
 8269.00     3.273E-17
 8270.50     3.142E-17
 8272.00     3.085E-17
 8273.50     2.895E-17
 8275.00     2.773E-17
 8276.50     2.757E-17
 8278.00     2.653E-17
 8279.50     2.917E-17
 8281.00     2.958E-17
 8282.50     2.897E-17
 8284.00     3.322E-17
 8285.50     3.382E-17
 8287.00     3.370E-17
 8288.50     3.217E-17
 8290.00     3.191E-17
 8291.50     3.326E-17
 8293.00     3.373E-17
 8294.50     3.566E-17
 8296.00     3.285E-17
 8297.50     3.228E-17
 8299.00     3.322E-17
 8300.50     3.039E-17
 8302.00     2.949E-17
 8303.50     2.727E-17
 8305.00     2.803E-17
 8306.50     2.715E-17
 8308.00     2.848E-17
 8309.50     3.269E-17
 8311.00     3.181E-17
 8312.50     3.136E-17
 8314.00     3.281E-17
 8315.50     3.321E-17
 8317.00     3.418E-17
 8318.50     3.353E-17
 8320.00     3.281E-17
 8321.50     3.189E-17
 8323.00     3.260E-17
 8324.50     3.261E-17
 8326.00     3.109E-17
 8327.50     3.016E-17
 8329.00     3.271E-17
 8330.50     3.212E-17
 8332.00     3.212E-17
 8333.50     3.231E-17
 8335.00     3.213E-17
 8336.50     3.139E-17
 8338.00     3.251E-17
 8339.50     3.316E-17
 8341.00     3.106E-17
 8342.50     2.781E-17
 8344.00     2.852E-17
 8345.50     2.843E-17
 8347.00     3.067E-17
 8348.50     3.330E-17
 8350.00     3.592E-17
 8351.50     3.542E-17
 8353.00     3.468E-17
 8354.50     3.211E-17
 8356.00     3.216E-17
 8357.50     3.258E-17
 8359.00     3.368E-17
 8360.50     3.172E-17
 8362.00     3.168E-17
 8363.50     3.322E-17
 8365.00     3.426E-17
 8366.50     3.413E-17
 8368.00     3.289E-17
 8369.50     3.202E-17
 8371.00     3.100E-17
 8372.50     3.146E-17
 8374.00     3.194E-17
 8375.50     3.108E-17
 8377.00     3.276E-17
 8378.50     3.383E-17
 8380.00     3.183E-17
 8381.50     3.199E-17
 8383.00     3.122E-17
 8384.50     3.467E-17
 8386.00     3.362E-17
 8387.50     3.254E-17
 8389.00     3.258E-17
 8390.50     3.343E-17
 8392.00     3.287E-17
 8393.50     3.141E-17
 8395.00     3.151E-17
 8396.50     3.061E-17
 8398.00     2.730E-17
 8399.50     2.854E-17
 8401.00     3.245E-17
 8402.50     3.186E-17
 8404.00     3.202E-17
 8405.50     3.206E-17
 8407.00     3.264E-17
 8408.50     3.276E-17
 8410.00     3.185E-17
 8411.50     3.281E-17
 8413.00     3.294E-17
 8414.50     3.089E-17
 8416.00     3.253E-17
 8417.50     3.098E-17
 8419.00     3.281E-17
 8420.50     3.498E-17
 8422.00     3.353E-17
 8423.50     3.313E-17
 8425.00     3.232E-17
 8426.50     3.258E-17
 8428.00     3.332E-17
 8429.50     3.430E-17
 8431.00     3.431E-17
 8432.50     3.324E-17
 8434.00     3.130E-17
 8435.50     2.985E-17
 8437.00     3.223E-17
 8438.50     3.149E-17
 8440.00     3.263E-17
 8441.50     3.311E-17
 8443.00     3.336E-17
 8444.50     3.315E-17
 8446.00     3.259E-17
 8447.50     3.167E-17
 8449.00     3.202E-17
 8450.50     3.220E-17
 8452.00     3.377E-17
 8453.50     3.226E-17
 8455.00     3.279E-17
 8456.50     3.379E-17
 8458.00     3.180E-17
 8459.50     3.373E-17
 8461.00     3.228E-17
 8462.50     3.218E-17
 8464.00     3.185E-17
 8465.50     3.037E-17
 8467.00     3.206E-17
 8468.50     3.268E-17
 8470.00     3.157E-17
 8471.50     3.354E-17
 8473.00     3.348E-17
 8474.50     3.321E-17
 8476.00     3.276E-17
 8477.50     3.355E-17
 8479.00     3.500E-17
 8480.50     3.309E-17
 8482.00     3.183E-17
 8483.50     3.199E-17
 8485.00     3.178E-17
 8486.50     3.314E-17
 8488.00     3.423E-17
 8489.50     3.289E-17
 8491.00     3.135E-17
 8492.50     3.222E-17
 8494.00     3.244E-17
 8495.50     3.070E-17
 8497.00     3.085E-17
 8498.50     3.413E-17
 8500.00     3.289E-17
 8501.50     3.383E-17
 8503.00     3.751E-17
 8504.50     3.696E-17
 8506.00     3.384E-17
 8507.50     3.458E-17
 8509.00     3.662E-17
 8510.50     3.610E-17
 8512.00     3.398E-17
 8513.50     3.460E-17
 8515.00     3.511E-17
 8516.50     3.435E-17
 8518.00     3.396E-17
 8519.50     3.381E-17
 8521.00     3.332E-17
 8522.50     3.331E-17
 8524.00     3.391E-17
 8525.50     3.545E-17
 8527.00     3.493E-17
 8528.50     3.340E-17
 8530.00     3.280E-17
 8531.50     3.430E-17
 8533.00     3.377E-17
 8534.50     3.276E-17
 8536.00     3.270E-17
 8537.50     3.359E-17
 8539.00     3.356E-17
 8540.50     3.383E-17
 8542.00     3.326E-17
 8543.50     3.301E-17
 8545.00     3.313E-17
 8546.50     3.464E-17
 8548.00     3.383E-17
 8549.50     3.430E-17
 8551.00     3.399E-17
 8552.50     3.406E-17
 8554.00     3.315E-17
 8555.50     3.308E-17
 8557.00     3.532E-17
 8558.50     3.405E-17
 8560.00     3.374E-17
 8561.50     3.384E-17
 8563.00     3.469E-17
 8564.50     3.453E-17
 8566.00     3.437E-17
 8567.50     3.386E-17
 8569.00     3.407E-17
 8570.50     3.371E-17
 8572.00     3.430E-17
 8573.50     3.319E-17
 8575.00     3.412E-17
 8576.50     3.526E-17
 8578.00     3.320E-17
 8579.50     3.358E-17
 8581.00     3.463E-17
 8582.50     3.417E-17
 8584.00     3.368E-17
 8585.50     3.422E-17
 8587.00     3.513E-17
 8588.50     3.457E-17
 8590.00     3.246E-17
 8591.50     3.330E-17
 8593.00     3.479E-17
 8594.50     3.525E-17
 8596.00     3.577E-17
 8597.50     3.367E-17
 8599.00     3.510E-17
 8600.50     3.448E-17
 8602.00     3.436E-17
 8603.50     3.373E-17
 8605.00     3.292E-17
 8606.50     3.354E-17
 8608.00     3.331E-17
 8609.50     3.356E-17
 8611.00     3.412E-17
 8612.50     3.402E-17
 8614.00     3.491E-17
 8615.50     3.566E-17
 8617.00     3.679E-17
 8618.50     3.585E-17
 8620.00     3.564E-17
 8621.50     3.378E-17
 8623.00     3.513E-17
 8624.50     3.490E-17
 8626.00     3.349E-17
 8627.50     3.688E-17
 8629.00     3.642E-17
 8630.50     3.509E-17
 8632.00     3.518E-17
 8633.50     3.512E-17
 8635.00     3.510E-17
 8636.50     3.454E-17
 8638.00     3.296E-17
 8639.50     3.581E-17
 8641.00     3.497E-17
 8642.50     3.562E-17
 8644.00     3.585E-17
 8645.50     3.629E-17
 8647.00     3.774E-17
 8648.50     3.810E-17
 8650.00     3.591E-17
 8651.50     3.617E-17
 8653.00     3.597E-17
 8654.50     3.589E-17
 8656.00     3.765E-17
 8657.50     3.906E-17
 8659.00     3.655E-17
 8660.50     3.784E-17
 8662.00     3.911E-17
 8663.50     3.892E-17
 8665.00     4.075E-17
 8666.50     3.961E-17
 8668.00     3.855E-17
 8669.50     3.744E-17
 8671.00     3.741E-17
 8672.50     3.893E-17
 8674.00     4.074E-17
 8675.50     3.970E-17
 8677.00     3.855E-17
 8678.50     3.820E-17
 8680.00     3.872E-17
 8681.50     3.699E-17
 8683.00     3.920E-17
 8684.50     4.147E-17
 8686.00     4.222E-17
 8687.50     4.138E-17
 8689.00     4.068E-17
 8690.50     4.109E-17
 8692.00     4.013E-17
 8693.50     4.015E-17
 8695.00     3.884E-17
 8696.50     3.820E-17
 8698.00     3.956E-17
 8699.50     3.945E-17
 8701.00     3.953E-17
 8702.50     3.966E-17
 8704.00     4.100E-17
 8705.50     4.207E-17
 8707.00     4.178E-17
 8708.50     4.149E-17
 8710.00     4.046E-17
 8711.50     3.982E-17
 8713.00     4.068E-17
 8714.50     4.063E-17
 8716.00     3.908E-17
 8717.50     3.948E-17
 8719.00     4.110E-17
 8720.50     4.182E-17
 8722.00     4.080E-17
 8723.50     3.963E-17
 8725.00     3.885E-17
 8726.50     3.929E-17
 8728.00     4.016E-17
 8729.50     3.992E-17
 8731.00     3.954E-17
 8732.50     3.937E-17
 8734.00     3.900E-17
 8735.50     3.881E-17
 8737.00     4.010E-17
 8738.50     3.875E-17
 8740.00     4.008E-17
 8741.50     4.074E-17
 8743.00     4.010E-17
 8744.50     3.977E-17
 8746.00     3.794E-17
 8747.50     3.742E-17
 8749.00     3.725E-17
 8750.50     3.821E-17
 8752.00     3.700E-17
 8753.50     3.735E-17
 8755.00     3.657E-17
 8756.50     3.575E-17
 8758.00     3.580E-17
 8759.50     3.602E-17
 8761.00     3.689E-17
 8762.50     3.749E-17
 8764.00     3.561E-17
 8765.50     3.640E-17
 8767.00     3.706E-17
 8768.50     3.486E-17
 8770.00     3.368E-17
 8771.50     3.549E-17
 8773.00     3.718E-17
 8774.50     3.790E-17
 8776.00     3.618E-17
 8777.50     3.578E-17
 8779.00     3.811E-17
 8780.50     3.938E-17
 8782.00     3.598E-17
 8783.50     3.759E-17
 8785.00     3.612E-17
 8786.50     3.476E-17
 8788.00     3.382E-17
 8789.50     3.474E-17
 8791.00     3.491E-17
 8792.50     3.658E-17
 8794.00     3.610E-17
 8795.50     3.575E-17
 8797.00     3.623E-17
 8798.50     3.572E-17
 8800.00     3.642E-17
 8801.50     3.720E-17
 8803.00     3.541E-17
 8804.50     3.488E-17
 8806.00     3.422E-17
 8807.50     3.505E-17
 8809.00     3.678E-17
 8810.50     3.531E-17
 8812.00     3.556E-17
 8813.50     3.546E-17
 8815.00     3.537E-17
 8816.50     3.560E-17
 8818.00     3.508E-17
 8819.50     3.399E-17
 8821.00     3.367E-17
 8822.50     3.618E-17
 8824.00     3.428E-17
 8825.50     3.600E-17
 8827.00     4.253E-17
 8828.50     3.864E-17
 8830.00     3.717E-17
 8831.50     3.732E-17
 8833.00     3.462E-17
 8834.50     3.343E-17
 8836.00     3.625E-17
 8837.50     3.625E-17
 8839.00     3.446E-17
 8840.50     3.359E-17
 8842.00     3.312E-17
 8843.50     3.248E-17
 8845.00     3.331E-17
 8846.50     3.211E-17
 8848.00     3.265E-17
 8849.50     3.361E-17
 8851.00     3.341E-17
 8852.50     3.134E-17
 8854.00     3.293E-17
 8855.50     3.464E-17
 8857.00     3.481E-17
 8858.50     3.291E-17
 8860.00     3.361E-17
 8861.50     3.318E-17
 8863.00     3.182E-17
 8864.50     3.262E-17
 8866.00     3.395E-17
 8867.50     3.176E-17
 8869.00     3.058E-17
 8870.50     3.176E-17
 8872.00     3.284E-17
 8873.50     3.240E-17
 8875.00     3.096E-17
 8876.50     3.375E-17
 8878.00     3.168E-17
 8879.50     3.101E-17
 8881.00     3.148E-17
 8882.50     2.961E-17
 8884.00     3.178E-17
 8885.50     3.398E-17
 8887.00     3.199E-17
 8888.50     2.748E-17
 8890.00     3.036E-17
 8891.50     3.149E-17
 8893.00     3.205E-17
 8894.50     3.199E-17
 8896.00     3.326E-17
 8897.50     3.379E-17
 8899.00     3.327E-17
 8900.50     3.128E-17
 8902.00     3.184E-17
 8903.50     3.145E-17
 8905.00     3.205E-17
 8906.50     3.013E-17
 8908.00     3.187E-17
 8909.50     3.370E-17
 8911.00     3.260E-17
 8912.50     3.073E-17
 8914.00     3.022E-17
 8915.50     3.130E-17
 8917.00     3.189E-17
 8918.50     3.022E-17
 8920.00     3.004E-17
 8921.50     3.323E-17
 8923.00     3.142E-17
 8924.50     3.454E-17
 8926.00     3.515E-17
 8927.50     3.339E-17
 8929.00     2.994E-17
 8930.50     2.946E-17
 8932.00     2.921E-17
 8933.50     2.959E-17
 8935.00     2.991E-17
 8936.50     3.130E-17
 8938.00     3.141E-17
 8939.50     3.227E-17
 8941.00     3.067E-17
 8942.50     3.112E-17
 8944.00     3.155E-17
 8945.50     3.177E-17
 8947.00     2.914E-17
 8948.50     3.040E-17
 8950.00     2.977E-17
 8951.50     2.842E-17
 8953.00     2.989E-17
 8954.50     2.962E-17
 8956.00     3.226E-17
 8957.50     3.368E-17
 8959.00     3.116E-17
 8960.50     3.137E-17
 8962.00     2.968E-17
 8963.50     2.798E-17
 8965.00     2.750E-17
 8966.50     2.936E-17
 8968.00     2.900E-17
 8969.50     3.083E-17
 8971.00     3.239E-17
 8972.50     3.303E-17
 8974.00     2.958E-17
 8975.50     2.834E-17
 8977.00     2.858E-17
 8978.50     2.983E-17
 8980.00     3.101E-17
 8981.50     3.134E-17
 8983.00     3.031E-17
 8984.50     2.981E-17
 8986.00     2.996E-17
 8987.50     2.858E-17
 8989.00     2.631E-17
 8990.50     2.681E-17
 8992.00     2.622E-17
 8993.50     2.867E-17
 8995.00     2.922E-17
 8996.50     2.878E-17
 8998.00     2.923E-17
 8999.50     2.881E-17
 9001.00     2.587E-17
 9002.50     2.379E-17
 9004.00     2.540E-17
 9005.50     2.346E-17
 9007.00     2.885E-17
 9008.50     2.991E-17
 9010.00     3.120E-17
 9011.50     2.950E-17
 9013.00     2.972E-17
 9014.50     2.942E-17
 9016.00     2.848E-17
 9017.50     2.734E-17
 9019.00     2.898E-17
 9020.50     2.920E-17
 9022.00     2.945E-17
 9023.50     2.894E-17
 9025.00     2.905E-17
 9026.50     2.808E-17
 9028.00     2.912E-17
 9029.50     3.042E-17
 9031.00     2.978E-17
 9032.50     3.116E-17
 9034.00     3.160E-17
 9035.50     3.055E-17
 9037.00     2.986E-17
 9038.50     2.999E-17
 9040.00     3.063E-17
 9041.50     2.904E-17
 9043.00     2.988E-17
 9044.50     3.089E-17
 9046.00     2.990E-17
 9047.50     2.850E-17
 9049.00     2.968E-17
 9050.50     2.837E-17
 9052.00     3.002E-17
 9053.50     2.979E-17
 9055.00     2.837E-17
 9056.50     2.921E-17
 9058.00     2.831E-17
 9059.50     2.911E-17
 9061.00     2.775E-17
 9062.50     2.825E-17
 9064.00     2.740E-17
 9065.50     2.738E-17
 9067.00     2.699E-17
 9068.50     2.931E-17
 9070.00     2.936E-17
 9071.50     2.675E-17
 9073.00     2.856E-17
 9074.50     2.671E-17
 9076.00     2.918E-17
 9077.50     3.129E-17
 9079.00     2.908E-17
 9080.50     2.817E-17
 9082.00     2.773E-17
 9083.50     2.808E-17
 9085.00     2.852E-17
 9086.50     2.839E-17
 9088.00     2.822E-17
 9089.50     2.890E-17
 9091.00     2.969E-17
 9092.50     2.869E-17
 9094.00     2.839E-17
 9095.50     2.896E-17
 9097.00     2.799E-17
 9098.50     2.991E-17
 9100.00     2.851E-17
 9101.50     3.078E-17
 9103.00     2.826E-17
 9104.50     2.809E-17
 9106.00     2.916E-17
 9107.50     2.863E-17
 9109.00     2.707E-17
 9110.50     2.715E-17
 9112.00     2.932E-17
 9113.50     2.975E-17
 9115.00     2.937E-17
 9116.50     2.942E-17
 9118.00     2.967E-17
 9119.50     2.958E-17
 9121.00     3.038E-17
 9122.50     3.017E-17
 9124.00     2.918E-17
 9125.50     2.946E-17
 9127.00     3.088E-17
 9128.50     2.896E-17
 9130.00     2.909E-17
 9131.50     2.962E-17
 9133.00     3.000E-17
 9134.50     2.974E-17
 9136.00     2.764E-17
 9137.50     2.756E-17
 9139.00     3.001E-17
 9140.50     2.970E-17
 9142.00     3.061E-17
 9143.50     2.839E-17
 9145.00     2.835E-17
 9146.50     2.835E-17
 9148.00     2.939E-17
 9149.50     2.981E-17
 9151.00     2.896E-17
 9152.50     3.020E-17
 9154.00     2.899E-17
 9155.50     2.796E-17
 9157.00     2.881E-17
 9158.50     3.114E-17
 9160.00     3.125E-17
 9161.50     3.056E-17
 9163.00     3.215E-17
 9164.50     3.203E-17
 9166.00     3.114E-17
 9167.50     3.158E-17
 9169.00     3.056E-17
 9170.50     2.868E-17
 9172.00     2.866E-17
 9173.50     3.018E-17
 9175.00     3.006E-17
 9176.50     3.045E-17
 9178.00     2.927E-17
 9179.50     3.035E-17
 9181.00     3.035E-17
 9182.50     2.929E-17
 9184.00     3.011E-17
 9185.50     2.938E-17
 9187.00     3.066E-17
 9188.50     3.160E-17
 9190.00     3.043E-17
 9191.50     2.983E-17
 9193.00     3.070E-17
 9194.50     2.827E-17
 9196.00     2.935E-17
 9197.50     2.976E-17
 9199.00     2.958E-17
 9200.50     2.888E-17
 9202.00     2.832E-17
 9203.50     2.832E-17
 9205.00     2.944E-17
 9206.50     2.971E-17
 9208.00     2.913E-17
 9209.50     2.939E-17
 9211.00     2.953E-17
 9212.50     3.080E-17
 9214.00     3.089E-17
 9215.50     3.006E-17
 9217.00     2.904E-17
 9218.50     2.864E-17
 9220.00     2.714E-17
 9221.50     2.732E-17
 9223.00     2.879E-17
 9224.50     2.898E-17
 9226.00     2.847E-17
 9227.50     2.795E-17
 9229.00     2.983E-17
 9230.50     3.079E-17
 9232.00     2.911E-17
 9233.50     2.876E-17
 9235.00     2.926E-17
 9236.50     2.854E-17
 9238.00     2.995E-17
 9239.50     3.003E-17
 9241.00     3.040E-17
 9242.50     2.928E-17
 9244.00     2.922E-17
 9245.50     2.977E-17
 9247.00     2.797E-17
 9248.50     2.710E-17
 9250.00     2.944E-17
 9251.50     2.972E-17
 9253.00     2.883E-17
 9254.50     3.038E-17
 9256.00     3.022E-17
 9257.50     2.842E-17
 9259.00     2.903E-17
 9260.50     2.954E-17
 9262.00     2.926E-17
 9263.50     2.905E-17
 9265.00     2.885E-17
 9266.50     2.982E-17
 9268.00     2.960E-17
 9269.50     2.907E-17
 9271.00     2.864E-17
 9272.50     2.835E-17
 9274.00     2.985E-17
 9275.50     3.055E-17
 9277.00     2.849E-17
 9278.50     2.833E-17
 9280.00     2.912E-17
 9281.50     3.004E-17
 9283.00     3.106E-17
 9284.50     3.025E-17
 9286.00     2.810E-17
 9287.50     2.746E-17
 9289.00     2.947E-17
 9290.50     2.938E-17
 9292.00     2.891E-17
 9293.50     2.864E-17
 9295.00     2.845E-17
 9296.50     2.610E-17
 9298.00     2.804E-17
 9299.50     2.590E-17
 9301.00     2.546E-17
 9302.50     2.792E-17
 9304.00     3.012E-17
 9305.50     3.074E-17
 9307.00     2.991E-17
 9308.50     2.865E-17
 9310.00     2.605E-17
 9311.50     3.039E-17
 9313.00     2.581E-17
 9314.50     3.519E-17
 9316.00     3.001E-17
 9317.50     2.844E-17
 9319.00     2.522E-17
 9320.50     2.221E-17
 9322.00     2.530E-17
 9323.50     3.219E-17
 9325.00     2.960E-17
 9326.50     2.143E-17
 9328.00     2.630E-17
 9329.50     2.989E-17
 9331.00     3.163E-17
 9332.50     3.121E-17
 9334.00     3.076E-17
 9335.50     2.813E-17
 9337.00     2.681E-17
 9338.50     2.789E-17
 9340.00     3.131E-17
 9341.50     2.781E-17
 9343.00     2.451E-17
 9344.50     2.450E-17
 9346.00     2.494E-17
 9347.50     2.200E-17
 9349.00     2.519E-17
 9350.50     3.161E-17
 9352.00     3.533E-17
 9353.50     3.519E-17
 9355.00     2.795E-17
 9356.50     2.708E-17
 9358.00     2.605E-17
 9359.50     2.727E-17
 9361.00     3.036E-17
 9362.50     3.260E-17
 9364.00     3.195E-17
 9365.50     2.992E-17
 9367.00     3.034E-17
 9368.50     3.139E-17
 9370.00     2.734E-17
 9371.50     2.594E-17
 9373.00     2.544E-17
 9374.50     2.867E-17
 9376.00     3.294E-17
 9377.50     3.109E-17
 9379.00     2.979E-17
 9380.50     3.257E-17
 9382.00     3.091E-17
 9383.50     2.613E-17
 9385.00     2.547E-17
 9386.50     2.607E-17
 9388.00     2.789E-17
 9389.50     2.870E-17
 9391.00     2.873E-17
 9392.50     2.809E-17
 9394.00     3.006E-17
 9395.50     3.215E-17
 9397.00     3.212E-17
 9398.50     2.961E-17
 9400.00     2.769E-17
 9401.50     2.397E-17
 9403.00     2.577E-17
 9404.50     2.479E-17
 9406.00     2.843E-17
 9407.50     2.961E-17
 9409.00     2.964E-17
 9410.50     2.716E-17
 9412.00     2.592E-17
 9413.50     2.855E-17
 9415.00     2.887E-17
 9416.50     3.075E-17
 9418.00     2.831E-17
 9419.50     2.678E-17
 9421.00     2.980E-17
 9422.50     2.873E-17
 9424.00     2.529E-17
 9425.50     2.688E-17
 9427.00     2.731E-17
 9428.50     2.613E-17
 9430.00     2.611E-17
 9431.50     2.671E-17
 9433.00     2.696E-17
 9434.50     3.082E-17
 9436.00     3.226E-17
 9437.50     3.110E-17
 9439.00     2.410E-17
 9440.50     2.840E-17
 9442.00     2.986E-17
 9443.50     2.170E-17
 9445.00     2.949E-17
 9446.50     3.603E-17
 9448.00     3.117E-17
 9449.50     3.070E-17
 9451.00     2.919E-17
 9452.50     2.965E-17
 9454.00     2.770E-17
 9455.50     3.253E-17
 9457.00     3.588E-17
 9458.50     3.629E-17
 9460.00     3.104E-17
 9461.50     2.423E-17
 9463.00     3.443E-17
 9464.50     2.999E-17
 9466.00     3.205E-17
 9467.50     3.140E-17
 9469.00     3.097E-17
 9470.50     2.901E-17
 9472.00     3.135E-17
 9473.50     3.420E-17
 9475.00     3.321E-17
 9476.50     3.013E-17
 9478.00     3.239E-17
 9479.50     2.545E-17
 9481.00     1.523E-17
 9482.50     2.261E-17
 9484.00     2.656E-17
 9485.50     2.607E-17
 9487.00     2.546E-17
 9488.50     2.960E-17
 9490.00     3.025E-17
 9491.50     3.412E-17
 9493.00     3.586E-17
 9494.50     2.931E-17
 9496.00     2.565E-17
 9497.50     3.051E-17
 9499.00     3.040E-17
